<?xml version="1.0" encoding="UTF-8"?>
<BorderFile Version="3" Structure="CORTEX_RIGHT" SurfaceNumberOfVertices="32492">
    <MetaData>
        <MD>
            <Name>ParentProvenance</Name>
            <Value>/n04dat01/atlas_group/lma/DBS_subject/3T/sub-04/sub-04/fsaverage_LR32k/sub-04.R.midthickness.32k_fs_LR.surf.gii:
/share/soft/workbench/bin_rh_linux64/../exe_rh_linux64/wb_command -surface-resample /n04dat01/atlas_group/lma/DBS_subject/3T/sub-04/sub-04/Native/sub-04.R.midthickness.native.surf.gii /n04dat01/atlas_group/lma/DBS_subject/3T/sub-04/sub-04/MNINonLinear/Native/sub-04.R.sphere.reg.reg_LR.native.surf.gii /n04dat01/atlas_group/lma/DBS_subject/3T/sub-04/sub-04/MNINonLinear/fsaverage_LR32k/sub-04.R.sphere.32k_fs_LR.surf.gii BARYCENTRIC /n04dat01/atlas_group/lma/DBS_subject/3T/sub-04/sub-04/fsaverage_LR32k/sub-04.R.midthickness.32k_fs_LR.surf.gii

/n04dat01/atlas_group/lma/DBS_subject/3T/sub-04/sub-04.R.Yeo17Network_Atlas.indi.label.gii:
/share/soft/workbench/bin_rh_linux64/../exe_rh_linux64/wb_command -cifti-separate Yeo2011_17Networks_N1000.dlabel.nii COLUMN -label CORTEX_RIGHT Yeo_17network_R.label.gii

</Value>
        </MD>
        <MD>
            <Name>ProgramProvenance</Name>
            <Value>Connectome Workbench
Type: Command Line Application
Version: 1.5.0
Qt Compiled Version: 5.7.0
Qt Runtime Version: 5.7.0
Commit: 76441605d20536d81034a64c9d34ec393aa528b9
Commit Date: 2021-02-16 13:46:47 -0600
Compiled with OpenMP: YES
Compiler: g++ (/export/gcc-4.8.5/bin)
Compiler Version: 4.8.5
Compiled Debug: NO
Operating System: Linux
</Value>
        </MD>
        <MD>
            <Name>Provenance</Name>
            <Value>/share/soft/workbench/bin_rh_linux64/../exe_rh_linux64/wb_command -label-to-border /n04dat01/atlas_group/lma/DBS_subject/3T/sub-04/sub-04/fsaverage_LR32k/sub-04.R.midthickness.32k_fs_LR.surf.gii /n04dat01/atlas_group/lma/DBS_subject/3T/sub-04/sub-04.R.Yeo17Network_Atlas.indi.label.gii /n04dat01/atlas_group/lma/populationGCN/BAI_Net/BAI_Net_Yeo17Network/Yeo17Network/sub-04.fsaverage.R.Yeo17Network_Atlas.32k_fs_LR.border</Value>
        </MD>
        <MD>
            <Name>WorkingDirectory</Name>
            <Value>/n04dat01/atlas_group/lma/populationGCN/BAI_Net/pipline/GCN_model</Value>
        </MD>
    </MetaData>
    <Class Name="#1" Red="0" Green="0" Blue="0">
        <Border Name="17Networks_1" Red="0.470588" Green="0.0705882" Blue="0.52549">
            <BorderPart Closed="True">
                <Vertices>123 122 1719
123 1719 122
179 1719 123
178 1719 1718
178 1718 1719
178 177 1718
178 26384 26330
26330 26384 26329
26329 26384 26383
26329 26383 26328
26328 26383 26382
26328 26382 26327
26328 26327 21491
21491 26327 21492
21491 21492 23130
23130 21492 23125
23130 23125 21492
23126 23125 23120
23120 23125 23119
23120 23119 23113
23113 23119 23112
23112 23119 21494
23112 21494 21495
21495 21494 23112
21495 26324 26323
21495 26323 21496
21495 21496 23104
23104 21496 23095
23104 23095 21496
23104 23096 23095
23105 23096 23104
23097 23096 23087
23097 23087 23096
23088 23087 23077
23088 23077 23087
23078 23077 23066
23078 23066 23077
23067 23066 23054
23067 23054 23066
23055 23054 23041
23055 23041 23054
23042 23041 23027
23042 23027 23041
23042 23028 23027
23043 23028 23042
23029 23028 23013
23029 23013 23028
23014 23013 22997
22997 23013 22996
22997 22996 22979
22997 22979 22996
22980 22979 22961
22980 22961 22979
22962 22961 22942
22962 22942 22961
22943 22942 22922
22922 22942 22921
22922 22921 22900
22922 22900 22921
22922 22901 22900
22923 22901 22922
22923 22902 22901
22924 22902 22923
22903 22902 22880
22903 22880 22902
22903 22881 22880
22904 22881 22903
22904 22882 22881
22905 22882 22904
22905 22883 22882
22906 22883 22905
22884 22883 22860
22884 22860 22883
22884 22861 22860
22885 22861 22884
22885 22862 22861
22886 22862 22885
22886 22863 22862
21567 22863 22886
21567 21568 22863
24436 21568 24411
24411 21568 21569
24411 21569 24385
24411 24385 21569
24386 24385 24359
24359 24385 24358
24359 24358 24331
24359 24331 24358
24332 24331 24303
24303 24331 24302
24302 24331 24330
24302 24330 24301
24302 24301 24272
24272 24301 24271
24271 24301 21573
24271 21573 21574
24271 21574 24240
24240 21574 21575
24240 21575 24208
24208 21575 21576
24208 21576 24175
24208 24175 21576
24176 24175 24142
24176 24142 24175
24143 24142 24108
24108 24142 24107
24108 24107 24072
24108 24072 24107
24073 24072 24036
24073 24036 24072
24037 24036 23999
23999 24036 23998
23999 23998 23960
23999 23960 23998
23961 23960 23921
23961 23921 23960
23922 23921 23881
23922 23881 23921
23882 23881 23840
23882 23840 23881
23841 23840 23798
23841 23798 23840
23799 23798 23755
23799 23755 23798
23799 23756 23755
23800 23756 23799
23757 23756 23712
23757 23712 23756
23757 23713 23712
23758 23713 23757
23714 23713 23668
23714 23668 23713
23714 23669 23668
23715 23669 23714
23715 23670 23669
23716 23670 23715
23671 23670 23624
23671 23624 23670
23625 23624 23577
23625 23577 23624
23578 23577 23529
23578 23529 23577
23530 23529 23480
23480 23529 23479
23480 23479 23429
23429 23479 23428
23429 23428 23377
23429 23377 23428
23378 23377 23325
23325 23377 23324
23325 23324 23271
23325 23271 23324
23325 23272 23271
23326 23272 23325
23326 23273 23272
23326 23327 23273
23379 23327 23326
23380 23327 23379
23380 23328 23327
23380 23381 23328
23432 23381 23380
23432 23433 23381
23483 23433 23432
23483 23484 23433
23533 23484 23483
23533 23534 23484
23582 23534 23533
23582 23583 23534
23630 23583 23582
23631 23583 23630
23631 23584 23583
23632 23584 23631
23585 23584 23536
23585 23536 23584
23537 23536 23487
23487 23536 23486
23487 23486 23436
23487 23436 23486
23437 23436 23385
23385 23436 23384
23385 23384 23332
23385 23332 23384
23385 23333 23332
23386 23333 23385
23334 23333 23280
23334 23280 23333
23281 23280 23226
23226 23280 23225
23226 23225 15017
23226 15017 23225
15016 15017 15072
15016 15072 15071
15071 15072 15016
15126 15072 15071
15126 15127 15072
15180 15127 15126
15180 15181 15127
15233 15181 15180
15233 15234 15181
15285 15234 15233
15285 15286 15234
15336 15286 15285
15337 15286 15336
15337 15287 15286
15338 15287 15337
15288 15287 15236
15288 15236 15287
15237 15236 15184
15237 15184 15236
15237 15185 15184
15238 15185 15237
15186 15185 15132
15186 15132 15185
15186 15133 15132
15187 15133 15186
15134 15133 15079
15134 15079 15133
15134 15080 15079
15135 15080 15134
15081 15080 15025
15081 15025 15080
15081 15026 15025
15081 15082 15026
15081 15136 15135
15135 15136 15081
15135 15189 15188
15188 15189 15135
15241 15189 15188
15241 15242 15189
15241 15293 15292
15292 15293 15241
15292 15343 15342
15342 15343 15292
15342 15392 15391
15391 15392 15342
15440 15392 15391
15440 15441 15392
15440 15488 15487
15440 15487 15439
15439 15487 15486
15486 15487 15439
15486 15533 15532
15486 15532 15485
15485 15532 15531
15531 15532 15485
15531 15577 15576
15531 15576 15530
15530 15576 15575
15530 15575 15529
15529 15575 15574
15574 15575 15529
15574 15619 15618
15574 15618 15573
15573 15618 15617
15573 15617 15572
15572 15617 15616
15572 15616 15571
15571 15616 15615
15571 15615 15570
15570 15615 15614
15570 15614 15569
15569 15614 15613
15569 15613 15568
15568 15613 15612
15568 15612 15567
15567 15612 15611
15567 15611 15566
15566 15611 15610
15566 15610 15565
15565 15610 15609
15565 15609 15564
15564 15609 15608
15564 15608 15563
15563 15608 15607
15607 15608 15563
15607 15651 15650
15607 15650 15606
15606 15650 15649
15606 15649 15605
15605 15649 15648
15605 15648 15604
15604 15648 15647
15604 15647 15603
15603 15647 15646
15646 15647 15603
15646 15689 15688
15646 15688 15645
15645 15688 15687
15645 15687 15644
15644 15687 15686
15644 15686 15643
15643 15686 15685
15643 15685 15642
15642 15685 13409
15642 13409 13408
13408 13409 13464
13408 13464 13463
13463 13464 13408
13463 13518 13517
13517 13518 13463
13517 13571 13570
13517 13570 13516
13516 13570 13569
13569 13570 13516
13569 13622 13621
13621 13622 13569
13621 13673 13672
13672 13673 13621
13672 13723 13722
13722 13723 13672
13722 13772 13771
13771 13772 13722
13771 13820 13819
13819 13820 13771
13819 13867 13866
13866 13867 13819
13866 13913 13912
13866 13912 13865
13865 13912 13911
13911 13912 13865
13911 13957 11789
11789 13957 13911
11789 11788 11866
11789 11866 11865
11865 11866 11789
11920 11866 11865
11920 11921 11866
11974 11921 11920
11974 11975 11921
12027 11975 11974
12027 12028 11975
12079 12028 12027
12079 12080 12028
12130 12080 12079
12130 12131 12080
12180 12131 12130
12180 12181 12131
12180 12229 12228
12228 12229 12180
12276 12229 12228
12276 12277 12229
12323 12277 12276
12323 12324 12277
12369 12324 12323
12369 12370 12324
12369 12414 12413
12369 12413 12368
12369 12368 12323
12323 12368 12322
12323 12322 12276
12276 12322 12275
12276 12275 12228
12228 12275 12227
12227 12275 12274
12227 12274 12226
12227 12226 12178
12178 12226 12177
12177 12226 12225
12177 12225 12176
12177 12176 12127
12127 12176 12126
12126 12176 12175
12126 12175 12125
12126 12125 12075
12075 12125 12074
12075 12074 12023
12023 12074 12022
12022 12074 12073
12022 12073 12021
12022 12021 11969
11969 12021 11968
11968 12021 12020
11968 12020 11967
11967 12020 12019
11967 12019 11966
11966 12019 12018
12018 12019 11966
12018 12070 11851
11851 12070 12018
11851 11850 12070
25000 11850 25050
25000 25050 24999
24999 25050 25049
24999 25049 24998
24999 24998 24947
24947 24998 24946
24946 24998 24997
24946 24997 24945
24945 24997 24996
24945 24996 24944
24945 24944 24892
24892 24944 24891
24891 24944 24943
24891 24943 24890
24891 24890 24837
24837 24890 24836
24836 24890 24889
24836 24889 24835
24835 24889 24888
24835 24888 24834
24835 24834 24780
24780 24834 24779
24779 24834 24833
24779 24833 24778
24778 24833 24832
24778 24832 24777
24777 24832 24831
24831 24832 24777
24831 24885 24884
24831 24884 24830
24830 24884 24883
24830 24883 24829
24829 24883 24882
24829 24882 24828
24828 24882 24881
24828 24881 24827
24828 24827 24773
24773 24827 24772
24772 24827 24826
24772 24826 24771
24771 24826 24825
24771 24825 24770
24770 24825 24824
24770 24824 24769
24769 24824 24823
24769 24823 24768
24769 24768 23162
23162 24768 23163
23163 24768 24767
23163 24767 23164
23164 24767 24766
23164 24766 23165
23165 24766 24765
23165 24765 23166
23166 24765 24764
23166 24764 23167
23167 24764 24763
24763 24764 23167
24763 24818 24817
24763 24817 24762
24762 24817 24816
24762 24816 24761
24761 24816 24815
24761 24815 24760
24760 24815 24814
24814 24815 24760
24814 24868 24867
24814 24867 24813
24813 24867 24866
24813 24866 24812
24812 24866 24865
24812 24865 24811
24811 24865 24864
24864 24865 24811
24864 24917 24916
24864 24916 24863
24864 24863 24810
24810 24863 24809
24809 24863 24862
24809 24862 24808
24808 24862 24861
24808 24861 24807
24808 24807 24753
24753 24807 24752
24752 24807 24806
24752 24806 24751
24751 24806 24805
24805 24806 24751
24805 24859 24858
24805 24858 24804
24804 24858 24857
24804 24857 24803
24804 24803 24749
24749 24803 24748
24748 24803 24802
24748 24802 24747
24748 24747 23183
23183 24747 23184
23184 24747 24746
23184 24746 23185
23185 24746 24745
23185 24745 23186
23185 23186 24690
24690 23186 24699
24699 23186 24690
24699 23187 24707
24707 23187 24699
24707 23188 24714
24714 23188 24707
24714 23189 24720
24720 23189 24714
24720 23190 24725
24725 23190 24720
24725 23191 24729
24729 23191 24725
23192 23191 24729
23192 24739 24738
23192 24738 23193
23193 24738 24737
23193 24737 23194
23194 24737 24736
24736 24737 23194
24736 24791 122
24736 122 123
</Vertices>
                <Weights>0.67 0.33 0
0.67 0.33 0
0.67 0.33 0
0.67 0.33 0
0.67 0.33 0
0.67 0.33 0
0.67 0.33 0
0.67 0.33 0
0.67 0.33 0
0.67 0.33 0
0.67 0.33 0
0.67 0.33 0
0.67 0.33 0
0.67 0.33 0
0.67 0.33 0
0.67 0.33 0
0.67 0.33 0
0.67 0.33 0
0.67 0.33 0
0.67 0.33 0
0.67 0.33 0
0.67 0.33 0
0.67 0.33 0
0.67 0.33 0
0.67 0.33 0
0.67 0.33 0
0.67 0.33 0
0.67 0.33 0
0.67 0.33 0
0.67 0.33 0
0.67 0.33 0
0.67 0.33 0
0.67 0.33 0
0.67 0.33 0
0.67 0.33 0
0.67 0.33 0
0.67 0.33 0
0.67 0.33 0
0.67 0.33 0
0.67 0.33 0
0.67 0.33 0
0.67 0.33 0
0.67 0.33 0
0.67 0.33 0
0.67 0.33 0
0.67 0.33 0
0.67 0.33 0
0.67 0.33 0
0.67 0.33 0
0.67 0.33 0
0.67 0.33 0
0.67 0.33 0
0.67 0.33 0
0.67 0.33 0
0.67 0.33 0
0.67 0.33 0
0.67 0.33 0
0.67 0.33 0
0.67 0.33 0
0.67 0.33 0
0.67 0.33 0
0.67 0.33 0
0.67 0.33 0
0.67 0.33 0
0.67 0.33 0
0.67 0.33 0
0.67 0.33 0
0.67 0.33 0
0.67 0.33 0
0.67 0.33 0
0.67 0.33 0
0.67 0.33 0
0.67 0.33 0
0.67 0.33 0
0.67 0.33 0
0.67 0.33 0
0.67 0.33 0
0.67 0.33 0
0.67 0.33 0
0.67 0.33 0
0.67 0.33 0
0.67 0.33 0
0.67 0.33 0
0.67 0.33 0
0.67 0.33 0
0.67 0.33 0
0.67 0.33 0
0.67 0.33 0
0.67 0.33 0
0.67 0.33 0
0.67 0.33 0
0.67 0.33 0
0.67 0.33 0
0.67 0.33 0
0.67 0.33 0
0.67 0.33 0
0.67 0.33 0
0.67 0.33 0
0.67 0.33 0
0.67 0.33 0
0.67 0.33 0
0.67 0.33 0
0.67 0.33 0
0.67 0.33 0
0.67 0.33 0
0.67 0.33 0
0.67 0.33 0
0.67 0.33 0
0.67 0.33 0
0.67 0.33 0
0.67 0.33 0
0.67 0.33 0
0.67 0.33 0
0.67 0.33 0
0.67 0.33 0
0.67 0.33 0
0.67 0.33 0
0.67 0.33 0
0.67 0.33 0
0.67 0.33 0
0.67 0.33 0
0.67 0.33 0
0.67 0.33 0
0.67 0.33 0
0.67 0.33 0
0.67 0.33 0
0.67 0.33 0
0.67 0.33 0
0.67 0.33 0
0.67 0.33 0
0.67 0.33 0
0.67 0.33 0
0.67 0.33 0
0.67 0.33 0
0.67 0.33 0
0.67 0.33 0
0.67 0.33 0
0.67 0.33 0
0.67 0.33 0
0.67 0.33 0
0.67 0.33 0
0.67 0.33 0
0.67 0.33 0
0.67 0.33 0
0.67 0.33 0
0.67 0.33 0
0.67 0.33 0
0.67 0.33 0
0.67 0.33 0
0.67 0.33 0
0.67 0.33 0
0.67 0.33 0
0.67 0.33 0
0.67 0.33 0
0.67 0.33 0
0.67 0.33 0
0.67 0.33 0
0.67 0.33 0
0.67 0.33 0
0.67 0.33 0
0.67 0.33 0
0.67 0.33 0
0.67 0.33 0
0.67 0.33 0
0.67 0.33 0
0.67 0.33 0
0.67 0.33 0
0.67 0.33 0
0.67 0.33 0
0.67 0.33 0
0.67 0.33 0
0.67 0.33 0
0.67 0.33 0
0.67 0.33 0
0.67 0.33 0
0.67 0.33 0
0.67 0.33 0
0.67 0.33 0
0.67 0.33 0
0.67 0.33 0
0.67 0.33 0
0.67 0.33 0
0.67 0.33 0
0.67 0.33 0
0.67 0.33 0
0.67 0.33 0
0.67 0.33 0
0.67 0.33 0
0.67 0.33 0
0.67 0.33 0
0.67 0.33 0
0.67 0.33 0
0.67 0.33 0
0.67 0.33 0
0.67 0.33 0
0.67 0.33 0
0.67 0.33 0
0.67 0.33 0
0.67 0.33 0
0.67 0.33 0
0.67 0.33 0
0.67 0.33 0
0.67 0.33 0
0.67 0.33 0
0.67 0.33 0
0.67 0.33 0
0.67 0.33 0
0.67 0.33 0
0.67 0.33 0
0.67 0.33 0
0.67 0.33 0
0.67 0.33 0
0.67 0.33 0
0.67 0.33 0
0.67 0.33 0
0.67 0.33 0
0.67 0.33 0
0.67 0.33 0
0.67 0.33 0
0.67 0.33 0
0.67 0.33 0
0.67 0.33 0
0.67 0.33 0
0.67 0.33 0
0.67 0.33 0
0.67 0.33 0
0.67 0.33 0
0.67 0.33 0
0.67 0.33 0
0.67 0.33 0
0.67 0.33 0
0.67 0.33 0
0.67 0.33 0
0.67 0.33 0
0.67 0.33 0
0.67 0.33 0
0.67 0.33 0
0.67 0.33 0
0.67 0.33 0
0.67 0.33 0
0.67 0.33 0
0.67 0.33 0
0.67 0.33 0
0.67 0.33 0
0.67 0.33 0
0.67 0.33 0
0.67 0.33 0
0.67 0.33 0
0.67 0.33 0
0.67 0.33 0
0.67 0.33 0
0.67 0.33 0
0.67 0.33 0
0.67 0.33 0
0.67 0.33 0
0.67 0.33 0
0.67 0.33 0
0.67 0.33 0
0.67 0.33 0
0.67 0.33 0
0.67 0.33 0
0.67 0.33 0
0.67 0.33 0
0.67 0.33 0
0.67 0.33 0
0.67 0.33 0
0.67 0.33 0
0.67 0.33 0
0.67 0.33 0
0.67 0.33 0
0.67 0.33 0
0.67 0.33 0
0.67 0.33 0
0.67 0.33 0
0.67 0.33 0
0.67 0.33 0
0.67 0.33 0
0.67 0.33 0
0.67 0.33 0
0.67 0.33 0
0.67 0.33 0
0.67 0.33 0
0.67 0.33 0
0.67 0.33 0
0.67 0.33 0
0.67 0.33 0
0.67 0.33 0
0.67 0.33 0
0.67 0.33 0
0.67 0.33 0
0.67 0.33 0
0.67 0.33 0
0.67 0.33 0
0.67 0.33 0
0.67 0.33 0
0.67 0.33 0
0.67 0.33 0
0.67 0.33 0
0.67 0.33 0
0.67 0.33 0
0.67 0.33 0
0.67 0.33 0
0.67 0.33 0
0.67 0.33 0
0.67 0.33 0
0.67 0.33 0
0.67 0.33 0
0.67 0.33 0
0.67 0.33 0
0.67 0.33 0
0.67 0.33 0
0.67 0.33 0
0.67 0.33 0
0.67 0.33 0
0.67 0.33 0
0.67 0.33 0
0.67 0.33 0
0.67 0.33 0
0.67 0.33 0
0.67 0.33 0
0.67 0.33 0
0.67 0.33 0
0.67 0.33 0
0.67 0.33 0
0.67 0.33 0
0.67 0.33 0
0.67 0.33 0
0.67 0.33 0
0.67 0.33 0
0.67 0.33 0
0.67 0.33 0
0.67 0.33 0
0.67 0.33 0
0.67 0.33 0
0.67 0.33 0
0.67 0.33 0
0.67 0.33 0
0.67 0.33 0
0.67 0.33 0
0.67 0.33 0
0.67 0.33 0
0.67 0.33 0
0.67 0.33 0
0.67 0.33 0
0.67 0.33 0
0.67 0.33 0
0.67 0.33 0
0.67 0.33 0
0.67 0.33 0
0.67 0.33 0
0.67 0.33 0
0.67 0.33 0
0.67 0.33 0
0.67 0.33 0
0.67 0.33 0
0.67 0.33 0
0.67 0.33 0
0.67 0.33 0
0.67 0.33 0
0.67 0.33 0
0.67 0.33 0
0.67 0.33 0
0.67 0.33 0
0.67 0.33 0
0.67 0.33 0
0.67 0.33 0
0.67 0.33 0
0.67 0.33 0
0.67 0.33 0
0.67 0.33 0
0.67 0.33 0
0.67 0.33 0
0.67 0.33 0
0.67 0.33 0
0.67 0.33 0
0.67 0.33 0
0.67 0.33 0
0.67 0.33 0
0.67 0.33 0
0.67 0.33 0
0.67 0.33 0
0.67 0.33 0
0.67 0.33 0
0.67 0.33 0
0.67 0.33 0
0.67 0.33 0
0.67 0.33 0
0.67 0.33 0
0.67 0.33 0
0.67 0.33 0
0.67 0.33 0
0.67 0.33 0
0.67 0.33 0
0.67 0.33 0
0.67 0.33 0
0.67 0.33 0
0.67 0.33 0
0.67 0.33 0
0.67 0.33 0
0.67 0.33 0
0.67 0.33 0
0.67 0.33 0
0.67 0.33 0
0.67 0.33 0
0.67 0.33 0
0.67 0.33 0
0.67 0.33 0
0.67 0.33 0
0.67 0.33 0
0.67 0.33 0
0.67 0.33 0
0.67 0.33 0
0.67 0.33 0
0.67 0.33 0
0.67 0.33 0
0.67 0.33 0
0.67 0.33 0
0.67 0.33 0
0.67 0.33 0
0.67 0.33 0
0.67 0.33 0
0.67 0.33 0
0.67 0.33 0
0.67 0.33 0
0.67 0.33 0
0.67 0.33 0
0.67 0.33 0
0.67 0.33 0
0.67 0.33 0
0.67 0.33 0
0.67 0.33 0
0.67 0.33 0
0.67 0.33 0
0.67 0.33 0
0.67 0.33 0
0.67 0.33 0
0.67 0.33 0
0.67 0.33 0
0.67 0.33 0
0.67 0.33 0
0.67 0.33 0
0.67 0.33 0
0.67 0.33 0
0.67 0.33 0
0.67 0.33 0
0.67 0.33 0
0.67 0.33 0
0.67 0.33 0
0.67 0.33 0
0.67 0.33 0
0.67 0.33 0
0.67 0.33 0
0.67 0.33 0
0.67 0.33 0
0.67 0.33 0
0.67 0.33 0
0.67 0.33 0
0.67 0.33 0
0.67 0.33 0
0.67 0.33 0
0.67 0.33 0
0.67 0.33 0
0.67 0.33 0
0.67 0.33 0
0.67 0.33 0
0.67 0.33 0
0.67 0.33 0
0.67 0.33 0
0.67 0.33 0
0.67 0.33 0
0.67 0.33 0
0.67 0.33 0
0.67 0.33 0
0.67 0.33 0
0.67 0.33 0
0.67 0.33 0
0.67 0.33 0
0.67 0.33 0
0.67 0.33 0
0.67 0.33 0
0.67 0.33 0
0.67 0.33 0
0.67 0.33 0
0.67 0.33 0
0.67 0.33 0
0.67 0.33 0
0.67 0.33 0
0.67 0.33 0
0.67 0.33 0
0.67 0.33 0
0.67 0.33 0
0.67 0.33 0
0.67 0.33 0
0.67 0.33 0
0.67 0.33 0
0.67 0.33 0
0.67 0.33 0
0.67 0.33 0
0.67 0.33 0
0.67 0.33 0
0.67 0.33 0
0.67 0.33 0
0.67 0.33 0
0.67 0.33 0
</Weights>
            </BorderPart>
            <BorderPart Closed="True">
                <Vertices>23389 23441 23440
23440 23441 23389
23440 23491 23490
23440 23490 23439
23439 23490 23489
23489 23490 23439
23489 23539 23538
23538 23539 23489
23587 23539 23538
23587 23588 23539
23635 23588 23587
23636 23588 23635
23636 23589 23588
23637 23589 23636
23590 23589 23541
23590 23541 23589
23542 23541 23492
23542 23492 23541
23493 23492 23442
23442 23492 23441
23442 23441 23390
23390 23441 23389
</Vertices>
                <Weights>0.67 0.33 0
0.67 0.33 0
0.67 0.33 0
0.67 0.33 0
0.67 0.33 0
0.67 0.33 0
0.67 0.33 0
0.67 0.33 0
0.67 0.33 0
0.67 0.33 0
0.67 0.33 0
0.67 0.33 0
0.67 0.33 0
0.67 0.33 0
0.67 0.33 0
0.67 0.33 0
0.67 0.33 0
0.67 0.33 0
0.67 0.33 0
0.67 0.33 0
0.67 0.33 0
0.67 0.33 0
</Weights>
            </BorderPart>
        </Border>
        <Border Name="17Networks_2" Red="1" Green="0" Blue="0">
            <BorderPart Closed="True">
                <Vertices>93 92 1224
93 1224 92
1255 1224 93
1255 1225 1224
1256 1225 1255
1256 1226 1225
1256 1257 1226
1286 1257 1256
1287 1257 1286
1287 1258 1257
1287 1288 1258
1316 1288 1287
1317 1288 1316
1317 1289 1288
1317 1318 1289
1345 1318 1317
1346 1318 1345
1346 1319 1318
1346 1347 1319
1373 1347 1346
1374 1347 1373
1374 1348 1347
1374 1375 1348
1400 1375 1374
1401 1375 1400
1401 1376 1375
1401 1402 1376
1426 1402 1401
1427 1402 1426
1427 1403 1402
1427 1428 1403
1451 1428 1427
1452 1428 1451
1452 1429 1428
1452 1453 1429
1475 1453 1452
1475 1476 1453
1497 1476 1475
1498 1476 1497
1498 1477 1476
1498 1499 1477
1519 1499 1498
1519 1520 1499
1539 1520 1519
1539 1540 1520
1558 1540 1539
1559 1540 1558
1559 1541 1540
1559 1560 1541
1577 1560 1559
1577 1578 1560
1594 1578 1577
1594 1595 1578
1610 1595 1594
1610 1611 1595
1625 1611 1610
1625 1626 1611
1639 1626 1625
1640 1626 1639
1640 1627 1626
1640 1641 1627
1653 1641 1640
1653 167 1641
168 167 1653
168 26869 26825
168 26825 26869
168 169 1664
1664 169 1674
1674 169 1664
1674 170 1683
1683 170 1674
171 170 1683
171 26734 26687
26687 26734 26686
26687 26686 26638
26638 26686 26637
26638 26637 26588
26588 26637 26587
26588 26587 26537
26588 26537 26587
26538 26537 26486
26538 26486 26537
26487 26486 26434
26487 26434 26486
26435 26434 26381
26435 26381 26434
26382 26381 26327
26382 26327 26381
26382 26328 26327
26383 26328 26382
26383 26329 26328
26384 26329 26383
26384 26330 26329
26384 178 26330
177 178 1718
1718 178 1719
1719 178 1718
1719 179 123
1719 123 122
122 123 1719
122 24736 123
24791 24736 122
24737 24736 23194
24737 23194 24736
24737 23193 23194
24738 23193 24737
24738 23192 23193
24739 23192 24738
23191 23192 24729
23191 24729 24725
23191 24725 24729
23190 24725 24720
23190 24720 24725
23189 24720 24714
23189 24714 24720
23188 24714 24707
23188 24707 24714
23187 24707 24699
23187 24699 24707
23186 24699 24690
23186 24690 24699
23186 23185 24690
24745 23185 23186
24746 23185 24745
24746 23184 23185
24747 23184 24746
24747 23183 23184
24747 24748 23183
24802 24748 24747
24803 24748 24802
24803 24749 24748
24803 24804 24749
24857 24804 24803
24858 24804 24857
24858 24805 24804
24859 24805 24858
24806 24805 24751
24806 24751 24805
24806 24752 24751
24807 24752 24806
24807 24753 24752
24807 24808 24753
24861 24808 24807
24862 24808 24861
24862 24809 24808
24863 24809 24862
24863 24810 24809
24863 24864 24810
24916 24864 24863
24917 24864 24916
24865 24864 24811
24865 24811 24864
24865 24812 24811
24866 24812 24865
24866 24813 24812
24867 24813 24866
24867 24814 24813
24868 24814 24867
24815 24814 24760
24815 24760 24814
24815 24761 24760
24816 24761 24815
24816 24762 24761
24817 24762 24816
24817 24763 24762
24818 24763 24817
24764 24763 23167
24764 23167 24763
24764 23166 23167
24765 23166 24764
24765 23165 23166
24766 23165 24765
24766 23164 23165
24767 23164 24766
24767 23163 23164
24768 23163 24767
24768 23162 23163
24768 24769 23162
24823 24769 24768
24824 24769 24823
24824 24770 24769
24825 24770 24824
24825 24771 24770
24826 24771 24825
24826 24772 24771
24827 24772 24826
24827 24773 24772
24827 24828 24773
24881 24828 24827
24882 24828 24881
24882 24829 24828
24883 24829 24882
24883 24830 24829
24884 24830 24883
24884 24831 24830
24885 24831 24884
24832 24831 24777
24832 24777 24831
24832 24778 24777
24833 24778 24832
24833 24779 24778
24834 24779 24833
24834 24780 24779
24834 24835 24780
24888 24835 24834
24889 24835 24888
24889 24836 24835
24890 24836 24889
24890 24837 24836
24890 24891 24837
24943 24891 24890
24944 24891 24943
24944 24892 24891
24944 24945 24892
24996 24945 24944
24997 24945 24996
24997 24946 24945
24998 24946 24997
24998 24947 24946
24998 24999 24947
25049 24999 24998
25050 24999 25049
25050 25000 24999
11850 25000 25050
11850 11851 12070
12070 11851 12018
12070 12018 11851
12019 12018 11966
12019 11966 12018
12019 11967 11966
12020 11967 12019
12020 11968 11967
12021 11968 12020
12021 11969 11968
12021 12022 11969
12073 12022 12021
12074 12022 12073
12074 12023 12022
12074 12075 12023
12125 12075 12074
12125 12126 12075
12175 12126 12125
12176 12126 12175
12176 12127 12126
12176 12177 12127
12225 12177 12176
12226 12177 12225
12226 12178 12177
12226 12227 12178
12274 12227 12226
12275 12227 12274
12275 12228 12227
12275 12276 12228
12322 12276 12275
12322 12323 12276
12368 12323 12322
12368 12369 12323
12413 12369 12368
12414 12369 12413
12414 12370 12369
12414 12415 12370
12458 12415 12414
12458 12459 12415
12458 12501 12500
12500 12501 12458
12542 12501 12500
12542 12543 12501
12542 12583 12582
12582 12583 12542
12622 12583 12582
12622 12623 12583
12622 12661 12660
12660 12661 12622
12698 12661 12660
12698 12699 12661
12698 12735 12734
12734 12735 12698
12734 12770 12769
12769 12770 12734
12769 12804 12803
12803 12804 12769
12837 12804 12803
12837 12838 12804
12837 12870 12869
12869 12870 12837
12869 12901 12900
12900 12901 12869
12900 12931 11830
11830 12931 12900
11830 11829 12931
25840 11829 25869
25869 11829 25840
25869 11828 25897
25869 25897 25868
25868 25897 25896
25868 25896 25867
25867 25896 25895
25867 25895 25866
25866 25895 25894
25866 25894 25865
25865 25894 25893
25865 25893 25864
25864 25893 25892
25892 25893 25864
25892 25920 25919
25892 25919 25891
25891 25919 25918
25891 25918 25890
25890 25918 25917
25890 25917 25889
25889 25917 25916
25916 25917 25889
25916 25943 25942
25916 25942 25915
25915 25942 25941
25941 25942 25915
25941 25967 25966
25941 25966 25940
25940 25966 25965
25940 25965 25939
25939 25965 25964
25964 25965 25939
25964 25989 25988
25964 25988 25963
25963 25988 25987
25963 25987 25962
25962 25987 25986
25962 25986 25961
25961 25986 25985
25961 25985 25960
25960 25985 25984
25960 25984 25959
25959 25984 25983
25959 25983 25958
25958 25983 25982
25958 25982 25957
25957 25982 25981
25957 25981 25956
25956 25981 25980
25956 25980 25955
25955 25980 25979
25979 25980 25955
25979 26003 26002
25979 26002 25978
25978 26002 26001
25978 26001 25977
25978 25977 25953
25953 25977 25952
25952 25977 25976
25952 25976 25951
25951 25976 92
25951 92 93
</Vertices>
                <Weights>0.67 0.33 0
0.67 0.33 0
0.67 0.33 0
0.67 0.33 0
0.67 0.33 0
0.67 0.33 0
0.67 0.33 0
0.67 0.33 0
0.67 0.33 0
0.67 0.33 0
0.67 0.33 0
0.67 0.33 0
0.67 0.33 0
0.67 0.33 0
0.67 0.33 0
0.67 0.33 0
0.67 0.33 0
0.67 0.33 0
0.67 0.33 0
0.67 0.33 0
0.67 0.33 0
0.67 0.33 0
0.67 0.33 0
0.67 0.33 0
0.67 0.33 0
0.67 0.33 0
0.67 0.33 0
0.67 0.33 0
0.67 0.33 0
0.67 0.33 0
0.67 0.33 0
0.67 0.33 0
0.67 0.33 0
0.67 0.33 0
0.67 0.33 0
0.67 0.33 0
0.67 0.33 0
0.67 0.33 0
0.67 0.33 0
0.67 0.33 0
0.67 0.33 0
0.67 0.33 0
0.67 0.33 0
0.67 0.33 0
0.67 0.33 0
0.67 0.33 0
0.67 0.33 0
0.67 0.33 0
0.67 0.33 0
0.67 0.33 0
0.67 0.33 0
0.67 0.33 0
0.67 0.33 0
0.67 0.33 0
0.67 0.33 0
0.67 0.33 0
0.67 0.33 0
0.67 0.33 0
0.67 0.33 0
0.67 0.33 0
0.67 0.33 0
0.67 0.33 0
0.67 0.33 0
0.67 0.33 0
0.67 0.33 0
0.67 0.33 0
0.67 0.33 0
0.67 0.33 0
0.67 0.33 0
0.67 0.33 0
0.67 0.33 0
0.67 0.33 0
0.67 0.33 0
0.67 0.33 0
0.67 0.33 0
0.67 0.33 0
0.67 0.33 0
0.67 0.33 0
0.67 0.33 0
0.67 0.33 0
0.67 0.33 0
0.67 0.33 0
0.67 0.33 0
0.67 0.33 0
0.67 0.33 0
0.67 0.33 0
0.67 0.33 0
0.67 0.33 0
0.67 0.33 0
0.67 0.33 0
0.67 0.33 0
0.67 0.33 0
0.67 0.33 0
0.67 0.33 0
0.67 0.33 0
0.67 0.33 0
0.67 0.33 0
0.67 0.33 0
0.67 0.33 0
0.67 0.33 0
0.67 0.33 0
0.67 0.33 0
0.67 0.33 0
0.67 0.33 0
0.67 0.33 0
0.67 0.33 0
0.67 0.33 0
0.67 0.33 0
0.67 0.33 0
0.67 0.33 0
0.67 0.33 0
0.67 0.33 0
0.67 0.33 0
0.67 0.33 0
0.67 0.33 0
0.67 0.33 0
0.67 0.33 0
0.67 0.33 0
0.67 0.33 0
0.67 0.33 0
0.67 0.33 0
0.67 0.33 0
0.67 0.33 0
0.67 0.33 0
0.67 0.33 0
0.67 0.33 0
0.67 0.33 0
0.67 0.33 0
0.67 0.33 0
0.67 0.33 0
0.67 0.33 0
0.67 0.33 0
0.67 0.33 0
0.67 0.33 0
0.67 0.33 0
0.67 0.33 0
0.67 0.33 0
0.67 0.33 0
0.67 0.33 0
0.67 0.33 0
0.67 0.33 0
0.67 0.33 0
0.67 0.33 0
0.67 0.33 0
0.67 0.33 0
0.67 0.33 0
0.67 0.33 0
0.67 0.33 0
0.67 0.33 0
0.67 0.33 0
0.67 0.33 0
0.67 0.33 0
0.67 0.33 0
0.67 0.33 0
0.67 0.33 0
0.67 0.33 0
0.67 0.33 0
0.67 0.33 0
0.67 0.33 0
0.67 0.33 0
0.67 0.33 0
0.67 0.33 0
0.67 0.33 0
0.67 0.33 0
0.67 0.33 0
0.67 0.33 0
0.67 0.33 0
0.67 0.33 0
0.67 0.33 0
0.67 0.33 0
0.67 0.33 0
0.67 0.33 0
0.67 0.33 0
0.67 0.33 0
0.67 0.33 0
0.67 0.33 0
0.67 0.33 0
0.67 0.33 0
0.67 0.33 0
0.67 0.33 0
0.67 0.33 0
0.67 0.33 0
0.67 0.33 0
0.67 0.33 0
0.67 0.33 0
0.67 0.33 0
0.67 0.33 0
0.67 0.33 0
0.67 0.33 0
0.67 0.33 0
0.67 0.33 0
0.67 0.33 0
0.67 0.33 0
0.67 0.33 0
0.67 0.33 0
0.67 0.33 0
0.67 0.33 0
0.67 0.33 0
0.67 0.33 0
0.67 0.33 0
0.67 0.33 0
0.67 0.33 0
0.67 0.33 0
0.67 0.33 0
0.67 0.33 0
0.67 0.33 0
0.67 0.33 0
0.67 0.33 0
0.67 0.33 0
0.67 0.33 0
0.67 0.33 0
0.67 0.33 0
0.67 0.33 0
0.67 0.33 0
0.67 0.33 0
0.67 0.33 0
0.67 0.33 0
0.67 0.33 0
0.67 0.33 0
0.67 0.33 0
0.67 0.33 0
0.67 0.33 0
0.67 0.33 0
0.67 0.33 0
0.67 0.33 0
0.67 0.33 0
0.67 0.33 0
0.67 0.33 0
0.67 0.33 0
0.67 0.33 0
0.67 0.33 0
0.67 0.33 0
0.67 0.33 0
0.67 0.33 0
0.67 0.33 0
0.67 0.33 0
0.67 0.33 0
0.67 0.33 0
0.67 0.33 0
0.67 0.33 0
0.67 0.33 0
0.67 0.33 0
0.67 0.33 0
0.67 0.33 0
0.67 0.33 0
0.67 0.33 0
0.67 0.33 0
0.67 0.33 0
0.67 0.33 0
0.67 0.33 0
0.67 0.33 0
0.67 0.33 0
0.67 0.33 0
0.67 0.33 0
0.67 0.33 0
0.67 0.33 0
0.67 0.33 0
0.67 0.33 0
0.67 0.33 0
0.67 0.33 0
0.67 0.33 0
0.67 0.33 0
0.67 0.33 0
0.67 0.33 0
0.67 0.33 0
0.67 0.33 0
0.67 0.33 0
0.67 0.33 0
0.67 0.33 0
0.67 0.33 0
0.67 0.33 0
0.67 0.33 0
0.67 0.33 0
0.67 0.33 0
0.67 0.33 0
0.67 0.33 0
0.67 0.33 0
0.67 0.33 0
0.67 0.33 0
0.67 0.33 0
0.67 0.33 0
0.67 0.33 0
0.67 0.33 0
0.67 0.33 0
0.67 0.33 0
0.67 0.33 0
0.67 0.33 0
0.67 0.33 0
0.67 0.33 0
0.67 0.33 0
0.67 0.33 0
0.67 0.33 0
0.67 0.33 0
0.67 0.33 0
0.67 0.33 0
0.67 0.33 0
0.67 0.33 0
0.67 0.33 0
0.67 0.33 0
0.67 0.33 0
0.67 0.33 0
0.67 0.33 0
0.67 0.33 0
0.67 0.33 0
0.67 0.33 0
0.67 0.33 0
0.67 0.33 0
0.67 0.33 0
0.67 0.33 0
0.67 0.33 0
0.67 0.33 0
0.67 0.33 0
0.67 0.33 0
0.67 0.33 0
0.67 0.33 0
0.67 0.33 0
0.67 0.33 0
0.67 0.33 0
0.67 0.33 0
0.67 0.33 0
0.67 0.33 0
0.67 0.33 0
0.67 0.33 0
0.67 0.33 0
0.67 0.33 0
0.67 0.33 0
0.67 0.33 0
0.67 0.33 0
0.67 0.33 0
0.67 0.33 0
0.67 0.33 0
0.67 0.33 0
0.67 0.33 0
0.67 0.33 0
0.67 0.33 0
0.67 0.33 0
0.67 0.33 0
0.67 0.33 0
0.67 0.33 0
0.67 0.33 0
0.67 0.33 0
0.67 0.33 0
0.67 0.33 0
0.67 0.33 0
0.67 0.33 0
0.67 0.33 0
0.67 0.33 0
0.67 0.33 0
0.67 0.33 0
0.67 0.33 0
0.67 0.33 0
0.67 0.33 0
</Weights>
            </BorderPart>
            <BorderPart Closed="True">
                <Vertices>99 25748 100
100 25748 25715
25715 25748 100
25715 25716 25682
25682 25716 25715
25683 25716 25682
25683 25717 25716
25684 25717 25683
25718 25717 25684
25718 25750 25717
25751 25750 25718
25751 25782 25750
25783 25782 25751
25813 25782 25812
25812 25782 25781
25812 25781 25811
25811 25781 25780
25780 25781 25749
25780 25749 25748
25780 25748 99
</Vertices>
                <Weights>0.67 0.33 0
0.67 0.33 0
0.67 0.33 0
0.67 0.33 0
0.67 0.33 0
0.67 0.33 0
0.67 0.33 0
0.67 0.33 0
0.67 0.33 0
0.67 0.33 0
0.67 0.33 0
0.67 0.33 0
0.67 0.33 0
0.67 0.33 0
0.67 0.33 0
0.67 0.33 0
0.67 0.33 0
0.67 0.33 0
0.67 0.33 0
0.67 0.33 0
</Weights>
            </BorderPart>
            <BorderPart Closed="True">
                <Vertices>15017 15016 15072
15072 15016 15071
15072 15071 15016
15072 15126 15071
15127 15126 15072
15127 15180 15126
15181 15180 15127
15181 15233 15180
15234 15233 15181
15234 15285 15233
15286 15285 15234
15286 15336 15285
15286 15337 15336
15287 15337 15286
15287 15338 15337
15287 15288 15236
15236 15288 15287
15236 15237 15184
15184 15237 15236
15185 15237 15184
15185 15238 15237
15185 15186 15132
15132 15186 15185
15133 15186 15132
15133 15187 15186
15133 15134 15079
15079 15134 15133
15080 15134 15079
15080 15135 15134
15080 15081 15025
15025 15081 15080
15025 15026 15081
23217 15026 23216
23217 23216 15026
23217 23271 23216
23272 23271 23217
23272 23325 23271
23272 23326 23325
23273 23326 23272
23327 23326 23273
23327 23379 23326
23327 23380 23379
23328 23380 23327
23381 23380 23328
23381 23432 23380
23433 23432 23381
23433 23483 23432
23484 23483 23433
23484 23533 23483
23534 23533 23484
23534 23582 23533
23583 23582 23534
23583 23630 23582
23583 23631 23630
23584 23631 23583
23584 23632 23631
23584 23585 23536
23536 23585 23584
23536 23537 23487
23536 23487 23486
23486 23487 23436
23436 23487 23486
23436 23437 23385
23436 23385 23384
23384 23385 23332
23332 23385 23384
23333 23385 23332
23333 23386 23385
23333 23334 23280
23280 23334 23333
23280 23281 23226
23280 23226 23225
23225 23226 15017
15017 23226 23225
</Vertices>
                <Weights>0.67 0.33 0
0.67 0.33 0
0.67 0.33 0
0.67 0.33 0
0.67 0.33 0
0.67 0.33 0
0.67 0.33 0
0.67 0.33 0
0.67 0.33 0
0.67 0.33 0
0.67 0.33 0
0.67 0.33 0
0.67 0.33 0
0.67 0.33 0
0.67 0.33 0
0.67 0.33 0
0.67 0.33 0
0.67 0.33 0
0.67 0.33 0
0.67 0.33 0
0.67 0.33 0
0.67 0.33 0
0.67 0.33 0
0.67 0.33 0
0.67 0.33 0
0.67 0.33 0
0.67 0.33 0
0.67 0.33 0
0.67 0.33 0
0.67 0.33 0
0.67 0.33 0
0.67 0.33 0
0.67 0.33 0
0.67 0.33 0
0.67 0.33 0
0.67 0.33 0
0.67 0.33 0
0.67 0.33 0
0.67 0.33 0
0.67 0.33 0
0.67 0.33 0
0.67 0.33 0
0.67 0.33 0
0.67 0.33 0
0.67 0.33 0
0.67 0.33 0
0.67 0.33 0
0.67 0.33 0
0.67 0.33 0
0.67 0.33 0
0.67 0.33 0
0.67 0.33 0
0.67 0.33 0
0.67 0.33 0
0.67 0.33 0
0.67 0.33 0
0.67 0.33 0
0.67 0.33 0
0.67 0.33 0
0.67 0.33 0
0.67 0.33 0
0.67 0.33 0
0.67 0.33 0
0.67 0.33 0
0.67 0.33 0
0.67 0.33 0
0.67 0.33 0
0.67 0.33 0
0.67 0.33 0
0.67 0.33 0
0.67 0.33 0
0.67 0.33 0
0.67 0.33 0
0.67 0.33 0
</Weights>
            </BorderPart>
            <BorderPart Closed="True">
                <Vertices>23441 23389 23440
23441 23440 23389
23491 23440 23490
23490 23440 23439
23490 23439 23489
23490 23489 23439
23539 23489 23538
23539 23538 23489
23539 23587 23538
23588 23587 23539
23588 23635 23587
23588 23636 23635
23589 23636 23588
23589 23637 23636
23589 23590 23541
23541 23590 23589
23541 23542 23492
23492 23542 23541
23492 23493 23442
23492 23442 23441
23441 23442 23390
23441 23390 23389
</Vertices>
                <Weights>0.67 0.33 0
0.67 0.33 0
0.67 0.33 0
0.67 0.33 0
0.67 0.33 0
0.67 0.33 0
0.67 0.33 0
0.67 0.33 0
0.67 0.33 0
0.67 0.33 0
0.67 0.33 0
0.67 0.33 0
0.67 0.33 0
0.67 0.33 0
0.67 0.33 0
0.67 0.33 0
0.67 0.33 0
0.67 0.33 0
0.67 0.33 0
0.67 0.33 0
0.67 0.33 0
0.67 0.33 0
</Weights>
            </BorderPart>
        </Border>
        <Border Name="17Networks_3" Red="0.27451" Green="0.509804" Blue="0.705882">
            <BorderPart Closed="True">
                <Vertices>1745 1744 1856
1745 1856 1744
1857 1856 1745
1857 1911 1856
1912 1911 1857
1965 1911 1964
1965 1964 1911
1965 2017 1964
2018 2017 1965
2018 2069 2017
2070 2069 2018
2070 2120 2069
2070 2121 2120
2071 2121 2070
2122 2121 2071
2122 2171 2121
2172 2171 2122
2172 2220 2171
2221 2220 2172
2221 2268 2220
2269 2268 2221
2269 2315 2268
2316 2315 2269
2316 2361 2315
2316 2362 2361
2317 2362 2316
2317 2363 2362
2318 2363 2317
2318 2364 2363
2319 2364 2318
2319 2365 2364
2319 2320 2273
2273 2320 2319
2273 2274 2226
2226 2274 2273
2226 2227 2178
2178 2227 2226
2178 2179 2129
2129 2179 2178
2129 2130 2079
2079 2130 2129
2079 2080 2028
2028 2080 2079
2029 2080 2028
2029 2081 2080
2029 2030 1977
1977 2030 2029
1977 1978 1924
1924 1978 1977
1924 1925 1870
1870 1925 1924
1871 1925 1870
1871 1926 1925
1871 1872 1760
1760 1872 1871
1760 1761 1872
4904 1761 1760
4904 4919 1761
4905 4919 4904
4905 4920 4919
4906 4920 4905
4906 4921 4920
4907 4921 4906
4907 4922 4921
4907 4908 4892
4892 4908 4907
4893 4908 4892
4893 4909 4908
4894 4909 4893
4894 4910 4909
4895 4910 4894
4895 4911 4910
4895 4896 4879
4879 4896 4895
4880 4896 4879
4880 4897 4896
4881 4897 4880
4881 4898 4897
4881 4882 4864
4864 4882 4881
4865 4882 4864
4865 4883 4882
4866 4883 4865
4866 4884 4883
4866 4867 4848
4848 4867 4866
4849 4867 4848
4849 4868 4867
4849 4850 4830
4830 4850 4849
4831 4850 4830
4831 4851 4850
4832 4851 4831
4832 4852 4851
4832 4833 4812
4812 4833 4832
4813 4833 4812
4813 3463 4833
3462 3463 4813
3462 6445 6423
6423 6445 3462
6423 6424 6401
6401 6424 6423
6401 6402 6378
6378 6402 6401
6378 6379 6354
6354 6379 6378
6354 6355 6329
6329 6355 6354
6329 6330 6303
6303 6330 6329
6303 6304 6276
6276 6304 6303
6276 6277 6248
6248 6277 6276
6248 6249 6219
6219 6249 6248
6219 6220 6189
6189 6220 6219
6190 6220 6189
6190 6221 6220
6190 6191 6159
6159 6191 6190
6159 6160 6127
6127 6160 6159
6128 6160 6127
6128 6161 6160
6128 6129 6095
6095 6129 6128
6095 6096 6061
6061 6096 6095
6062 6096 6061
6062 6097 6096
6062 6063 6027
6027 6063 6062
6027 6028 5991
5991 6028 6027
5991 5992 5954
5954 5992 5991
5955 5992 5954
5955 5993 5992
5955 5956 5917
5917 5956 5955
5917 5918 5878
5878 5918 5917
5879 5918 5878
5879 5919 5918
5880 5919 5879
5880 5920 5919
5880 5881 5840
5840 5881 5880
5840 5841 5799
5799 5841 5840
5800 5841 5799
5800 5842 5841
5800 5801 5758
5758 5801 5800
5758 5759 5715
5715 5759 5758
5716 5759 5715
5716 5760 5759
5717 5760 5716
5717 5761 5760
5717 5718 5673
5673 5718 5717
5674 5718 5673
5674 5719 5718
5675 5719 5674
5675 5720 5719
5676 5720 5675
5676 5721 5720
5676 5677 5631
5631 5677 5676
5632 5677 5631
5632 5678 5677
5633 5678 5632
5633 5679 5678
5633 5634 5587
5587 5634 5633
5588 5634 5587
5588 5635 5634
5588 5589 5541
5541 5589 5588
5541 5542 5493
5493 5542 5541
5494 5542 5493
5494 5543 5542
5494 5495 5445
5445 5495 5494
5445 5446 5395
5395 5446 5445
5396 5446 5395
5396 5447 5446
5396 5397 5345
5345 5397 5396
5345 5346 5293
5293 5346 5345
5293 5294 5240
5240 5294 5293
5241 5294 5240
5241 5295 5294
5241 5242 5187
5187 5242 5241
5187 5188 5076
5187 5076 5075
5075 5076 5187
8318 5076 5075
8318 8322 5076
8318 8319 8314
8314 8319 8318
8314 8315 8309
8309 8315 8314
8310 8315 8309
8310 8316 8315
8310 8311 8304
8304 8311 8310
8304 8305 8297
8297 8305 8304
8297 8298 8289
8289 8298 8297
8289 8290 8280
8289 8280 8279
8279 8280 8269
8269 8280 8279
8269 8270 8258
8258 8270 8269
8258 8259 8246
8258 8246 8245
8245 8246 8232
8232 8246 8245
8232 8233 8218
8232 8218 8217
8217 8218 8202
8202 8218 8217
8202 8203 8186
8186 8203 8202
8186 8187 8169
8169 8187 8186
8169 8170 8151
8151 8170 8169
8151 8152 8132
8132 8152 8151
8132 8133 8112
8112 8133 8132
8112 8113 8091
8091 8113 8112
8091 8092 8069
8069 8092 8091
8070 8092 8069
8070 8093 8092
8070 8071 8047
8047 8071 8070
8048 8071 8047
8048 8072 8071
8048 8049 8024
8024 8049 8048
8024 8025 7999
7999 8025 8024
8000 8025 7999
8000 8026 8025
8001 8026 8000
8001 8027 8026
8002 8027 8001
8002 6757 8027
6758 6757 8002
6758 17833 17806
17806 17833 6758
17806 17807 17779
17806 17779 17778
17778 17779 17750
17778 17750 17749
17778 17749 6760
6760 17749 6761
6760 6761 7921
7921 6761 7892
7892 6761 7921
7892 6762 7862
7892 7862 7861
7861 7862 7830
7861 7830 7829
7829 7830 7797
7829 7797 7796
7796 7797 7763
7796 7763 7762
7762 7763 7728
7728 7763 7762
7728 7729 7693
7728 7693 7692
7692 7693 7656
7692 7656 7655
7655 7656 7618
7655 7618 7617
7617 7618 7579
7617 7579 7578
7578 7579 7539
7539 7579 7578
7539 7540 7499
7539 7499 7498
7498 7499 7457
7498 7457 7456
7498 7456 7497
7497 7456 7455
7455 7456 7413
7455 7413 7412
7455 7412 7454
7454 7412 7411
7411 7412 7368
7411 7368 7367
7367 7368 7323
7367 7323 7322
7367 7322 7366
7366 7322 7321
7321 7322 7276
7321 7276 7275
7275 7276 7229
7275 7229 7228
7275 7228 7274
7274 7228 7227
7274 7227 7273
7273 7227 7226
7226 7227 7179
7226 7179 7178
7226 7178 7225
7225 7178 7177
7225 7177 7224
7224 7177 7176
7224 7176 7223
7223 7176 7175
7175 7176 7127
7175 7127 7126
7175 7126 7174
7174 7126 7125
7174 7125 7173
7173 7125 7124
7124 7125 7075
7124 7075 7074
7124 7074 7123
7123 7074 7073
7123 7073 7122
7122 7073 7072
7072 7073 7022
7072 7022 7021
7072 7021 7071
7071 7021 7020
7071 7020 7070
7070 7020 7019
7019 7020 6968
7019 6968 6967
7019 6967 7018
7018 6967 6966
6966 6967 6914
6966 6914 6913
6966 6913 6965
6965 6913 6912
6912 6913 6859
6912 6859 6858
6858 6859 6804
6858 6804 6803
6858 6803 6857
6857 6803 6802
6802 6803 6691
6802 6691 6690
6802 6690 6801
6801 6690 6689
6689 6690 6801
6689 14900 14913
6689 14913 14900
6688 14913 14925
14925 14913 14912
14925 14912 14924
14925 14924 14912
14936 14924 14935
14935 14924 14923
14935 14923 14934
14935 14934 14923
14945 14934 14944
14944 14934 14933
14944 14933 14943
14944 14943 14933
14953 14943 14952
14952 14943 14942
14952 14942 14951
14951 14942 14941
14951 14941 14950
14950 14941 14940
14950 14940 14949
14949 14940 14939
14949 14939 14948
14948 14939 14938
14948 14938 14947
14947 14938 14937
14947 14937 11753
11753 14937 11754
11753 11754 11901
11901 11754 11900
11901 11900 11754
11901 11955 11900
11956 11955 11901
12009 11955 12008
12009 12008 11955
12061 12008 12060
12061 12060 12008
12061 12112 12060
12113 12112 12061
12113 12163 12112
12164 12163 12113
12164 12213 12163
12214 12213 12164
12262 12213 12261
12262 12261 12213
12262 12309 12261
12310 12309 12262
12310 12356 12309
12357 12356 12310
12357 12402 12356
12357 12403 12402
12358 12403 12357
12404 12403 12358
12404 12448 12403
12449 12448 12404
12449 12492 12448
3415 12492 12449
3414 12492 12534
3414 12534 12492
3413 12534 12575
3413 12575 12534
3412 12575 12615
3412 12615 12575
3411 12615 12654
12654 12615 12614
12654 12614 12653
12654 12653 12614
12692 12653 12691
12691 12653 12652
12691 12652 12690
12691 12690 12652
12728 12690 12727
12727 12690 12689
12727 12689 12726
12727 12726 12689
12763 12726 12762
12763 12762 12726
12798 12762 12797
12798 12797 12762
12798 12832 12797
12833 12832 12798
12833 12866 12832
12867 12866 12833
12867 12899 12866
