<?xml version="1.0" encoding="UTF-8"?>
<BorderFile Version="3" Structure="CORTEX_LEFT" SurfaceNumberOfVertices="32492">
    <MetaData>
        <MD>
            <Name>ParentProvenance</Name>
            <Value>/n07dat01/OpenData/HCP1200/958976/T1w/fsaverage_LR32k/958976.L.midthickness_MSMAll.32k_fs_LR.surf.gii:
/home/HCPpipeline/pipeline_tools/workbench-v1.1.1/bin_rh_linux64/../exe_rh_linux64/wb_command -surface-resample /HCP/hcpdb/build_ssd/chpc/BUILD/HCP_500/DeDriftAndResample_1448636406_958976/958976/T1w/Native/958976.L.midthickness.native.surf.gii /HCP/hcpdb/build_ssd/chpc/BUILD/HCP_500/DeDriftAndResample_1448636406_958976/958976/MNINonLinear/Native/958976.L.sphere.MSMAll.native.surf.gii /HCP/hcpdb/build_ssd/chpc/BUILD/HCP_500/DeDriftAndResample_1448636406_958976/958976/MNINonLinear/fsaverage_LR32k/958976.L.sphere.32k_fs_LR.surf.gii BARYCENTRIC /HCP/hcpdb/build_ssd/chpc/BUILD/HCP_500/DeDriftAndResample_1448636406_958976/958976/T1w/fsaverage_LR32k/958976.L.midthickness_MSMAll.32k_fs_LR.surf.gii

/n04dat01/atlas_group/lma/HCP_S1200_individual_MSM_atlas/958976/958976.L.HCPparcellation_Atlas.indi.MSMAll.label.gii:
/share/soft/workbench/bin_rh_linux64/../exe_rh_linux64/wb_command -cifti-separate Q1-Q6_RelatedValidation210.CorticalAreas_dil_Final_Final_Areas_Group_Colors.32k_fs_LR.dlabel.nii COLUMN -label CORTEX_LEFT glasser32k.L.label.gii

</Value>
        </MD>
        <MD>
            <Name>ProgramProvenance</Name>
            <Value>Connectome Workbench
Type: Command Line Application
Version: 1.5.0
Qt Compiled Version: 5.7.0
Qt Runtime Version: 5.7.0
Commit: 76441605d20536d81034a64c9d34ec393aa528b9
Commit Date: 2021-02-16 13:46:47 -0600
Compiled with OpenMP: YES
Compiler: g++ (/export/gcc-4.8.5/bin)
Compiler Version: 4.8.5
Compiled Debug: NO
Operating System: Linux
</Value>
        </MD>
        <MD>
            <Name>Provenance</Name>
            <Value>/share/soft/workbench/bin_rh_linux64/../exe_rh_linux64/wb_command -label-to-border /n07dat01/OpenData/HCP1200/958976/T1w/fsaverage_LR32k/958976.L.midthickness_MSMAll.32k_fs_LR.surf.gii /n04dat01/atlas_group/lma/HCP_S1200_individual_MSM_atlas/958976/958976.L.HCPparcellation_Atlas.indi.MSMAll.label.gii /n04dat01/atlas_group/lma/populationGCN/BAI_Net/BAI_Net_HCPparcellation/HCPparcellation/fsaverage.L.HCPparcellation_Atlas.32k_fs_LR.border</Value>
        </MD>
        <MD>
            <Name>WorkingDirectory</Name>
            <Value>/n04dat01/atlas_group/lma/populationGCN/BAI_Net/pipline/GCN_model</Value>
        </MD>
    </MetaData>
    <Class Name="#1" Red="0" Green="0" Blue="0">
        <Border Name="L_V1_ROI" Red="0.262745" Green="0.0392157" Blue="1">
            <BorderPart Closed="True">
                <Vertices>102 101 1467
102 1467 101
102 1489 1467
103 1489 102
103 1510 1489
104 1510 103
1530 1510 104
1530 1511 1510
1530 1531 1511
1549 1531 1530
1550 1531 1549
1550 1532 1531
1551 1532 1550
1551 1533 1532
1551 1552 1533
1569 1552 1551
1570 1552 1569
1570 1553 1552
1570 1571 1553
1587 1571 1570
1588 1571 1587
1588 1572 1571
1588 1589 1572
1604 1589 1588
1604 1605 1589
1619 1605 1604
1619 1620 1605
1633 1620 1619
1633 1634 1620
1646 1634 1633
1646 1647 1634
1658 1647 1646
1658 1659 1647
1658 1669 1668
1668 1669 1658
1678 1669 1668
1678 1679 1669
1678 1687 1686
1686 1687 1678
1686 1694 1693
1693 1694 1686
1693 1700 1699
1699 1700 1693
1699 1705 118
1699 118 117
117 118 1699
117 25001 118
25051 25001 117
25051 25002 25001
25051 25052 25002
25100 25052 25051
25100 25101 25052
25148 25101 25100
25149 25101 25148
25149 25102 25101
25149 25150 25102
25149 25196 25195
25195 25196 25149
25241 25196 25195
25242 25196 25241
25242 25197 25196
25242 25243 25197
25242 25287 25286
25286 25287 25242
25330 25287 25286
25331 25287 25330
25331 25288 25287
25331 25332 25288
25374 25332 25331
25374 25375 25332
25416 25375 25374
25416 25417 25375
25457 25417 25416
25458 25417 25457
25458 25418 25417
25459 25418 25458
25459 25419 25418
25459 25460 25419
25499 25460 25459
25500 25460 25499
25500 25461 25460
25500 25501 25461
25539 25501 25500
25540 25501 25539
25540 25502 25501
25540 25541 25502
25578 25541 25540
25579 25541 25578
25579 25542 25541
25580 25542 25579
25543 25542 25504
25504 25542 25503
25504 25503 25464
25504 25464 25503
25504 25465 25464
25505 25465 25504
25505 25466 25465
25506 25466 25505
25467 25466 25426
25467 25426 25466
25427 25426 25385
25385 25426 25384
25385 25384 25342
25385 25342 25384
25343 25342 25299
25343 25299 25342
25300 25299 25255
25255 25299 25254
25255 25254 25209
25209 25254 25208
25209 25208 25162
25162 25208 25161
25162 25161 25114
25162 25114 25161
25115 25114 25066
25066 25114 25065
25066 25065 25016
25016 25065 25015
25016 25015 24965
25016 24965 25015
24966 24965 24914
24914 24965 24913
24914 24913 24861
24861 24913 24860
24861 24860 24807
24807 24860 24806
24807 24806 24752
24807 24752 24806
24753 24752 23178
23178 24752 23179
23178 23179 24599
23178 24599 24582
24582 24599 24581
24582 24581 24563
24582 24563 24581
24564 24563 24544
24544 24563 24543
24544 24543 24523
24544 24523 24543
24524 24523 24502
24524 24502 24523
24503 24502 24480
24503 24480 24502
24481 24480 24457
24457 24480 24456
24457 24456 24432
24457 24432 24456
24433 24432 24407
24407 24432 24406
24407 24406 24380
24407 24380 24406
24381 24380 24353
24381 24353 24380
24354 24353 24325
24354 24325 24353
24326 24325 24296
24326 24296 24325
24297 24296 24266
24266 24296 24265
24266 24265 24234
24266 24234 24265
24235 24234 24202
24235 24202 24234
24203 24202 24169
24169 24202 24168
24169 24168 24134
24169 24134 24168
24135 24134 24099
24099 24134 24098
24099 24098 24062
24099 24062 24098
24063 24062 24025
24063 24025 24062
24026 24025 23987
24026 23987 24025
23988 23987 23948
23988 23948 23987
23949 23948 23908
23908 23948 23907
23908 23907 23866
23908 23866 23907
23867 23866 23824
23867 23824 23866
23825 23824 23781
23825 23781 23824
23782 23781 23737
23737 23781 23736
23737 23736 23691
23691 23736 23690
23691 23690 23644
23691 23644 23690
23645 23644 23597
23597 23644 23596
23597 23596 23548
23548 23596 23547
23548 23547 23498
23498 23547 23497
23498 23497 23447
23447 23497 23446
23447 23446 23395
23395 23446 23394
23395 23394 23342
23342 23394 23341
23342 23341 23288
23342 23288 23341
23289 23288 23234
23289 23234 23288
23235 23234 15008
23235 15008 23234
15007 15008 15063
15007 15063 15062
15062 15063 15007
15062 15117 15116
15062 15116 15061
15061 15116 15115
15115 15116 15061
15115 15169 15168
15115 15168 15114
15114 15168 15167
15114 15167 15113
15113 15167 15166
15113 15166 15112
15112 15166 15165
15165 15166 15112
15165 15218 15217
15165 15217 15164
15164 15217 15216
15164 15216 15163
15163 15216 15215
15163 15215 15162
15163 15162 15109
15163 15109 15162
15110 15109 15055
15055 15109 15054
15055 15054 14999
14999 15054 14998
14998 15054 15053
14998 15053 14997
14997 15053 15052
15052 15053 14997
15052 15107 15106
15052 15106 15051
15052 15051 14996
15052 14996 15051
14997 14996 15052
14997 23246 23245
23245 23246 14997
23245 23300 23299
23299 23300 23245
23299 23353 23352
23352 23353 23299
23405 23353 23352
23405 23406 23353
23457 23406 23405
23457 23458 23406
23457 23508 23507
23507 23508 23457
23507 23557 23556
23556 23557 23507
23605 23557 23556
23605 23606 23557
23605 23653 23652
23652 23653 23605
23652 23699 23698
23698 23699 23652
23744 23699 23698
23744 23745 23699
23744 23789 23788
23788 23789 23744
23832 23789 23788
23832 23152 23789
23153 23152 23832
23153 24778 24777
24777 24778 23153
24832 24778 24777
24832 24833 24778
24832 24886 24885
24885 24886 24832
24938 24886 24885
24938 24939 24886
24938 24990 24989
24989 24990 24938
25040 24990 24989
25040 25041 24990
25090 25041 25040
25090 25091 25041
25139 25091 25090
25139 25140 25091
25187 25140 25139
25187 25188 25140
25234 25188 25187
25234 25235 25188
25234 25280 25279
25279 25280 25234
25324 25280 25279
25324 25325 25280
25368 25325 25324
25368 25369 25325
25411 25369 25368
25411 25412 25369
25453 25412 25411
25453 25454 25412
25453 25494 25493
25493 25494 25453
25533 25494 25493
25533 25534 25494
25533 25572 25571
25571 25572 25533
25571 25609 25608
25608 25609 25571
25608 25645 25644
25644 25645 25608
25644 25680 25679
25644 25679 25643
25643 25679 25678
25643 25678 25642
25642 25678 25677
25642 25677 25641
25641 25677 25676
25641 25676 25640
25640 25676 25675
25675 25676 25640
25675 25710 25709
25675 25709 25674
25674 25709 25708
25708 25709 25674
25708 25742 25741
25708 25741 25707
25707 25741 25740
25740 25741 25707
25740 25773 25772
25772 25773 25740
25772 25804 25803
25772 25803 25771
25771 25803 25802
25802 25803 25771
25802 25833 25832
25802 25832 25801
25801 25832 25831
25801 25831 25800
25800 25831 25830
25830 25831 25800
25830 25860 25859
25830 25859 25829
25829 25859 25858
25858 25859 25829
25858 25887 25886
25858 25886 25857
25857 25886 25885
25885 25886 25857
25885 25913 25912
25885 25912 25884
25884 25912 25911
25911 25912 25884
25911 25938 25937
25911 25937 25910
25910 25937 25936
25910 25936 25909
25909 25936 25935
25909 25935 25908
25908 25935 25934
25908 25934 25907
25907 25934 25933
25907 25933 25906
25906 25933 25932
25906 25932 25905
25905 25932 25931
25905 25931 25904
25904 25931 25930
25904 25930 25903
25904 25903 25876
25876 25903 25875
25875 25903 25902
25875 25902 25874
25875 25874 25846
25846 25874 25845
25845 25874 25873
25845 25873 25844
25845 25844 25815
25815 25844 25814
25814 25844 25843
25814 25843 25813
25813 25843 25842
25813 25842 25812
25813 25812 25782
25782 25812 25781
25781 25812 25811
25781 25811 25780
25781 25780 25749
25749 25780 25748
25748 25780 99
25748 99 100
25748 100 25715
25715 100 101
25715 101 25681
25681 101 102
</Vertices>
                <Weights>0.67 0.33 0
0.67 0.33 0
0.67 0.33 0
0.67 0.33 0
0.67 0.33 0
0.67 0.33 0
0.67 0.33 0
0.67 0.33 0
0.67 0.33 0
0.67 0.33 0
0.67 0.33 0
0.67 0.33 0
0.67 0.33 0
0.67 0.33 0
0.67 0.33 0
0.67 0.33 0
0.67 0.33 0
0.67 0.33 0
0.67 0.33 0
0.67 0.33 0
0.67 0.33 0
0.67 0.33 0
0.67 0.33 0
0.67 0.33 0
0.67 0.33 0
0.67 0.33 0
0.67 0.33 0
0.67 0.33 0
0.67 0.33 0
0.67 0.33 0
0.67 0.33 0
0.67 0.33 0
0.67 0.33 0
0.67 0.33 0
0.67 0.33 0
0.67 0.33 0
0.67 0.33 0
0.67 0.33 0
0.67 0.33 0
0.67 0.33 0
0.67 0.33 0
0.67 0.33 0
0.67 0.33 0
0.67 0.33 0
0.67 0.33 0
0.67 0.33 0
0.67 0.33 0
0.67 0.33 0
0.67 0.33 0
0.67 0.33 0
0.67 0.33 0
0.67 0.33 0
0.67 0.33 0
0.67 0.33 0
0.67 0.33 0
0.67 0.33 0
0.67 0.33 0
0.67 0.33 0
0.67 0.33 0
0.67 0.33 0
0.67 0.33 0
0.67 0.33 0
0.67 0.33 0
0.67 0.33 0
0.67 0.33 0
0.67 0.33 0
0.67 0.33 0
0.67 0.33 0
0.67 0.33 0
0.67 0.33 0
0.67 0.33 0
0.67 0.33 0
0.67 0.33 0
0.67 0.33 0
0.67 0.33 0
0.67 0.33 0
0.67 0.33 0
0.67 0.33 0
0.67 0.33 0
0.67 0.33 0
0.67 0.33 0
0.67 0.33 0
0.67 0.33 0
0.67 0.33 0
0.67 0.33 0
0.67 0.33 0
0.67 0.33 0
0.67 0.33 0
0.67 0.33 0
0.67 0.33 0
0.67 0.33 0
0.67 0.33 0
0.67 0.33 0
0.67 0.33 0
0.67 0.33 0
0.67 0.33 0
0.67 0.33 0
0.67 0.33 0
0.67 0.33 0
0.67 0.33 0
0.67 0.33 0
0.67 0.33 0
0.67 0.33 0
0.67 0.33 0
0.67 0.33 0
0.67 0.33 0
0.67 0.33 0
0.67 0.33 0
0.67 0.33 0
0.67 0.33 0
0.67 0.33 0
0.67 0.33 0
0.67 0.33 0
0.67 0.33 0
0.67 0.33 0
0.67 0.33 0
0.67 0.33 0
0.67 0.33 0
0.67 0.33 0
0.67 0.33 0
0.67 0.33 0
0.67 0.33 0
0.67 0.33 0
0.67 0.33 0
0.67 0.33 0
0.67 0.33 0
0.67 0.33 0
0.67 0.33 0
0.67 0.33 0
0.67 0.33 0
0.67 0.33 0
0.67 0.33 0
0.67 0.33 0
0.67 0.33 0
0.67 0.33 0
0.67 0.33 0
0.67 0.33 0
0.67 0.33 0
0.67 0.33 0
0.67 0.33 0
0.67 0.33 0
0.67 0.33 0
0.67 0.33 0
0.67 0.33 0
0.67 0.33 0
0.67 0.33 0
0.67 0.33 0
0.67 0.33 0
0.67 0.33 0
0.67 0.33 0
0.67 0.33 0
0.67 0.33 0
0.67 0.33 0
0.67 0.33 0
0.67 0.33 0
0.67 0.33 0
0.67 0.33 0
0.67 0.33 0
0.67 0.33 0
0.67 0.33 0
0.67 0.33 0
0.67 0.33 0
0.67 0.33 0
0.67 0.33 0
0.67 0.33 0
0.67 0.33 0
0.67 0.33 0
0.67 0.33 0
0.67 0.33 0
0.67 0.33 0
0.67 0.33 0
0.67 0.33 0
0.67 0.33 0
0.67 0.33 0
0.67 0.33 0
0.67 0.33 0
0.67 0.33 0
0.67 0.33 0
0.67 0.33 0
0.67 0.33 0
0.67 0.33 0
0.67 0.33 0
0.67 0.33 0
0.67 0.33 0
0.67 0.33 0
0.67 0.33 0
0.67 0.33 0
0.67 0.33 0
0.67 0.33 0
0.67 0.33 0
0.67 0.33 0
0.67 0.33 0
0.67 0.33 0
0.67 0.33 0
0.67 0.33 0
0.67 0.33 0
0.67 0.33 0
0.67 0.33 0
0.67 0.33 0
0.67 0.33 0
0.67 0.33 0
0.67 0.33 0
0.67 0.33 0
0.67 0.33 0
0.67 0.33 0
0.67 0.33 0
0.67 0.33 0
0.67 0.33 0
0.67 0.33 0
0.67 0.33 0
0.67 0.33 0
0.67 0.33 0
0.67 0.33 0
0.67 0.33 0
0.67 0.33 0
0.67 0.33 0
0.67 0.33 0
0.67 0.33 0
0.67 0.33 0
0.67 0.33 0
0.67 0.33 0
0.67 0.33 0
0.67 0.33 0
0.67 0.33 0
0.67 0.33 0
0.67 0.33 0
0.67 0.33 0
0.67 0.33 0
0.67 0.33 0
0.67 0.33 0
0.67 0.33 0
0.67 0.33 0
0.67 0.33 0
0.67 0.33 0
0.67 0.33 0
0.67 0.33 0
0.67 0.33 0
0.67 0.33 0
0.67 0.33 0
0.67 0.33 0
0.67 0.33 0
0.67 0.33 0
0.67 0.33 0
0.67 0.33 0
0.67 0.33 0
0.67 0.33 0
0.67 0.33 0
0.67 0.33 0
0.67 0.33 0
0.67 0.33 0
0.67 0.33 0
0.67 0.33 0
0.67 0.33 0
0.67 0.33 0
0.67 0.33 0
0.67 0.33 0
0.67 0.33 0
0.67 0.33 0
0.67 0.33 0
0.67 0.33 0
0.67 0.33 0
0.67 0.33 0
0.67 0.33 0
0.67 0.33 0
0.67 0.33 0
0.67 0.33 0
0.67 0.33 0
0.67 0.33 0
0.67 0.33 0
0.67 0.33 0
0.67 0.33 0
0.67 0.33 0
0.67 0.33 0
0.67 0.33 0
0.67 0.33 0
0.67 0.33 0
0.67 0.33 0
0.67 0.33 0
0.67 0.33 0
0.67 0.33 0
0.67 0.33 0
0.67 0.33 0
0.67 0.33 0
0.67 0.33 0
0.67 0.33 0
0.67 0.33 0
0.67 0.33 0
0.67 0.33 0
0.67 0.33 0
0.67 0.33 0
0.67 0.33 0
0.67 0.33 0
0.67 0.33 0
0.67 0.33 0
0.67 0.33 0
0.67 0.33 0
0.67 0.33 0
0.67 0.33 0
0.67 0.33 0
0.67 0.33 0
0.67 0.33 0
0.67 0.33 0
0.67 0.33 0
0.67 0.33 0
0.67 0.33 0
0.67 0.33 0
0.67 0.33 0
0.67 0.33 0
0.67 0.33 0
0.67 0.33 0
0.67 0.33 0
0.67 0.33 0
0.67 0.33 0
0.67 0.33 0
0.67 0.33 0
0.67 0.33 0
0.67 0.33 0
0.67 0.33 0
0.67 0.33 0
0.67 0.33 0
0.67 0.33 0
0.67 0.33 0
0.67 0.33 0
0.67 0.33 0
0.67 0.33 0
0.67 0.33 0
0.67 0.33 0
0.67 0.33 0
0.67 0.33 0
0.67 0.33 0
0.67 0.33 0
0.67 0.33 0
0.67 0.33 0
0.67 0.33 0
0.67 0.33 0
0.67 0.33 0
0.67 0.33 0
0.67 0.33 0
0.67 0.33 0
0.67 0.33 0
0.67 0.33 0
0.67 0.33 0
0.67 0.33 0
0.67 0.33 0
0.67 0.33 0
0.67 0.33 0
0.67 0.33 0
0.67 0.33 0
0.67 0.33 0
0.67 0.33 0
0.67 0.33 0
0.67 0.33 0
0.67 0.33 0
0.67 0.33 0
0.67 0.33 0
0.67 0.33 0
0.67 0.33 0
0.67 0.33 0
0.67 0.33 0
0.67 0.33 0
0.67 0.33 0
0.67 0.33 0
0.67 0.33 0
0.67 0.33 0
0.67 0.33 0
0.67 0.33 0
0.67 0.33 0
0.67 0.33 0
0.67 0.33 0
0.67 0.33 0
0.67 0.33 0
0.67 0.33 0
0.67 0.33 0
0.67 0.33 0
0.67 0.33 0
0.67 0.33 0
0.67 0.33 0
0.67 0.33 0
0.67 0.33 0
0.67 0.33 0
0.67 0.33 0
0.67 0.33 0
0.67 0.33 0
0.67 0.33 0
0.67 0.33 0
0.67 0.33 0
0.67 0.33 0
0.67 0.33 0
0.67 0.33 0
0.67 0.33 0
0.67 0.33 0
0.67 0.33 0
0.67 0.33 0
0.67 0.33 0
0.67 0.33 0
0.67 0.33 0
</Weights>
            </BorderPart>
            <BorderPart Closed="True">
                <Vertices>25634 25670 25669
25669 25670 25634
25669 25704 25703
25703 25704 25669
25737 25704 25703
25738 25704 25737
25738 25705 25704
25739 25705 25738
25706 25705 25671
25706 25671 25705
25672 25671 25636
25636 25671 25635
25635 25671 25670
25635 25670 25634
</Vertices>
                <Weights>0.67 0.33 0
0.67 0.33 0
0.67 0.33 0
0.67 0.33 0
0.67 0.33 0
0.67 0.33 0
0.67 0.33 0
0.67 0.33 0
0.67 0.33 0
0.67 0.33 0
0.67 0.33 0
0.67 0.33 0
0.67 0.33 0
0.67 0.33 0
</Weights>
            </BorderPart>
        </Border>
        <Border Name="L_MST_ROI" Red="0.192157" Green="0.356863" Blue="0.498039">
            <BorderPart Closed="True">
                <Vertices>15085 15029 15084
15085 15084 15029
15085 15139 15084
15140 15139 15085
15193 15139 15192
15193 15192 15139
15193 15245 15192
15246 15245 15193
15297 15245 15296
15297 15296 15245
15347 15296 15346
15347 15346 15296
15396 15346 15395
15396 15395 15346
15444 15395 15443
15444 15443 15395
15444 15491 15443
15492 15491 15444
15538 15491 15537
15538 15537 15491
15583 15537 15582
15582 15537 15536
15582 15536 15581
15582 15581 15536
15626 15581 15625
15625 15581 15580
15625 15580 15624
15625 15624 15580
15668 15624 15667
15667 15624 15623
15667 15623 15666
15667 15666 15623
15667 15709 15666
15710 15709 15667
15751 15709 15750
15751 15750 15709
15791 15750 15790
15791 15790 15750
15791 15830 15790
15791 15831 15830
15792 15831 15791
15792 15832 15831
15793 15832 15792
15793 15833 15832
15794 15833 15793
15794 15834 15833
15794 15795 15754
15754 15795 15794
15755 15795 15754
15755 15796 15795
15756 15796 15755
15756 15797 15796
15756 15757 15715
15715 15757 15756
15716 15757 15715
15716 15758 15757
15716 15717 15674
15674 15717 15716
15674 15675 15631
15631 15675 15674
15631 15632 15587
15587 15632 15631
15588 15632 15587
15588 15633 15632
15588 15589 15543
15543 15589 15588
15543 15544 15497
15497 15544 15543
15497 15498 15450
15450 15498 15497
15450 15451 15402
15402 15451 15450
15402 15403 15353
15353 15403 15402
15353 15354 15303
15303 15354 15353
15303 15304 15252
15303 15252 15251
15251 15252 15199
15251 15199 15198
15198 15199 15145
15198 15145 15144
15144 15145 15090
15144 15090 15089
15144 15089 15143
15143 15089 15088
15143 15088 15142
15142 15088 15087
15087 15088 15032
15087 15032 15031
15087 15031 15086
15086 15031 15030
15086 15030 15085
15085 15030 15029
</Vertices>
                <Weights>0.67 0.33 0
0.67 0.33 0
0.67 0.33 0
0.67 0.33 0
0.67 0.33 0
0.67 0.33 0
0.67 0.33 0
0.67 0.33 0
0.67 0.33 0
0.67 0.33 0
0.67 0.33 0
0.67 0.33 0
0.67 0.33 0
0.67 0.33 0
0.67 0.33 0
0.67 0.33 0
0.67 0.33 0
0.67 0.33 0
0.67 0.33 0
0.67 0.33 0
0.67 0.33 0
0.67 0.33 0
0.67 0.33 0
0.67 0.33 0
0.67 0.33 0
0.67 0.33 0
0.67 0.33 0
0.67 0.33 0
0.67 0.33 0
0.67 0.33 0
0.67 0.33 0
0.67 0.33 0
0.67 0.33 0
0.67 0.33 0
0.67 0.33 0
0.67 0.33 0
0.67 0.33 0
0.67 0.33 0
0.67 0.33 0
0.67 0.33 0
0.67 0.33 0
0.67 0.33 0
0.67 0.33 0
0.67 0.33 0
0.67 0.33 0
0.67 0.33 0
0.67 0.33 0
0.67 0.33 0
0.67 0.33 0
0.67 0.33 0
0.67 0.33 0
0.67 0.33 0
0.67 0.33 0
0.67 0.33 0
0.67 0.33 0
0.67 0.33 0
0.67 0.33 0
0.67 0.33 0
0.67 0.33 0
0.67 0.33 0
0.67 0.33 0
0.67 0.33 0
0.67 0.33 0
0.67 0.33 0
0.67 0.33 0
0.67 0.33 0
0.67 0.33 0
0.67 0.33 0
0.67 0.33 0
0.67 0.33 0
0.67 0.33 0
0.67 0.33 0
0.67 0.33 0
0.67 0.33 0
0.67 0.33 0
0.67 0.33 0
0.67 0.33 0
0.67 0.33 0
0.67 0.33 0
0.67 0.33 0
0.67 0.33 0
0.67 0.33 0
0.67 0.33 0
0.67 0.33 0
0.67 0.33 0
0.67 0.33 0
0.67 0.33 0
0.67 0.33 0
0.67 0.33 0
0.67 0.33 0
0.67 0.33 0
0.67 0.33 0
0.67 0.33 0
0.67 0.33 0
</Weights>
            </BorderPart>
        </Border>
        <Border Name="L_V6_ROI" Red="0.192157" Green="0.333333" Blue="0.658824">
            <BorderPart Closed="True">
                <Vertices>11826 11825 13045
11826 13045 13018
13018 13045 11826
13018 13019 12991
13018 12991 12990
12990 12991 12962
12962 12991 12990
12962 12963 12933
12933 12963 12962
12933 12934 12903
12903 12934 12933
12903 12904 12872
12903 12872 12871
12871 12872 12839
12839 12872 12871
12839 12840 12806
12806 12840 12839
12806 12807 12772
12806 12772 12771
12771 12772 12736
12736 12772 12771
12736 12737 12700
12736 12700 12699
12699 12700 12662
12699 12662 12661
12661 12662 12623
12661 12623 12622
12622 12623 12583
12622 12583 12582
12622 12582 12621
12621 12582 12581
12621 12581 12620
12620 12581 12580
12580 12581 12540
12580 12540 12539
12580 12539 12579
12579 12539 12538
12538 12539 12497
12538 12497 12496
12538 12496 12537
12538 12537 12496
12578 12537 12577
12578 12577 12537
12617 12577 12616
12617 12616 12577
12655 12616 11838
12655 11838 12616
11837 11838 12655
11837 25572 25609
11837 25609 25572
11836 25609 25645
25645 25609 25608
25645 25608 25644
25645 25644 25608
25680 25644 25679
25679 25644 25643
25679 25643 25678
25678 25643 25642
25678 25642 25677
25678 25677 25642
25712 25677 25711
25711 25677 25676
25711 25676 25710
25711 25710 25676
25744 25710 25743
25743 25710 25709
25743 25709 25742
25743 25742 25709
25775 25742 25774
25774 25742 25741
25774 25741 25773
25773 25741 25740
25773 25740 25772
25773 25772 25740
25804 25772 25803
25803 25772 25771
25803 25771 25802
25803 25802 25771
25833 25802 25832
25832 25802 25801
25832 25801 25831
25831 25801 25800
25831 25800 25830
25831 25830 25800
25860 25830 25859
25859 25830 25829
25859 25829 25858
25859 25858 25829
25887 25858 25886
25886 25858 25857
25886 25857 25885
25886 25885 25857
25913 25885 25912
25912 25885 25884
25912 25884 25911
25912 25911 25884
25912 25938 25911
25939 25938 25912
25939 25964 25938
25939 25965 25964
25940 25965 25939
25940 25966 25965
25941 25966 25940
25941 25967 25966
25942 25967 25941
25942 25968 25967
25943 25968 25942
25969 25968 25943
25969 25993 25968
25969 25994 25993
25970 25994 25969
25970 25995 25994
25971 25995 25970
25971 25996 25995
25972 25996 25971
25972 25997 25996
25973 25997 25972
25973 25998 25997
25974 25998 25973
25974 25999 25998
25975 25999 25974
25975 11824 25999
25975 11825 25950
25950 11825 25975
</Vertices>
                <Weights>0.67 0.33 0
0.67 0.33 0
0.67 0.33 0
0.67 0.33 0
0.67 0.33 0
0.67 0.33 0
0.67 0.33 0
0.67 0.33 0
0.67 0.33 0
0.67 0.33 0
0.67 0.33 0
0.67 0.33 0
0.67 0.33 0
0.67 0.33 0
0.67 0.33 0
0.67 0.33 0
0.67 0.33 0
0.67 0.33 0
0.67 0.33 0
0.67 0.33 0
0.67 0.33 0
0.67 0.33 0
0.67 0.33 0
0.67 0.33 0
0.67 0.33 0
0.67 0.33 0
0.67 0.33 0
0.67 0.33 0
0.67 0.33 0
0.67 0.33 0
0.67 0.33 0
0.67 0.33 0
0.67 0.33 0
0.67 0.33 0
0.67 0.33 0
0.67 0.33 0
0.67 0.33 0
0.67 0.33 0
0.67 0.33 0
0.67 0.33 0
0.67 0.33 0
0.67 0.33 0
0.67 0.33 0
0.67 0.33 0
0.67 0.33 0
0.67 0.33 0
0.67 0.33 0
0.67 0.33 0
0.67 0.33 0
0.67 0.33 0
0.67 0.33 0
0.67 0.33 0
0.67 0.33 0
0.67 0.33 0
0.67 0.33 0
0.67 0.33 0
0.67 0.33 0
0.67 0.33 0
0.67 0.33 0
0.67 0.33 0
0.67 0.33 0
0.67 0.33 0
0.67 0.33 0
0.67 0.33 0
0.67 0.33 0
0.67 0.33 0
0.67 0.33 0
0.67 0.33 0
0.67 0.33 0
0.67 0.33 0
0.67 0.33 0
0.67 0.33 0
0.67 0.33 0
0.67 0.33 0
0.67 0.33 0
0.67 0.33 0
0.67 0.33 0
0.67 0.33 0
0.67 0.33 0
0.67 0.33 0
0.67 0.33 0
0.67 0.33 0
0.67 0.33 0
0.67 0.33 0
0.67 0.33 0
0.67 0.33 0
0.67 0.33 0
0.67 0.33 0
0.67 0.33 0
0.67 0.33 0
0.67 0.33 0
0.67 0.33 0
0.67 0.33 0
0.67 0.33 0
0.67 0.33 0
0.67 0.33 0
0.67 0.33 0
0.67 0.33 0
0.67 0.33 0
0.67 0.33 0
0.67 0.33 0
0.67 0.33 0
0.67 0.33 0
0.67 0.33 0
0.67 0.33 0
0.67 0.33 0
0.67 0.33 0
0.67 0.33 0
0.67 0.33 0
0.67 0.33 0
0.67 0.33 0
0.67 0.33 0
0.67 0.33 0
0.67 0.33 0
0.67 0.33 0
0.67 0.33 0
0.67 0.33 0
0.67 0.33 0
0.67 0.33 0
0.67 0.33 0
0.67 0.33 0
0.67 0.33 0
0.67 0.33 0
0.67 0.33 0
</Weights>
            </BorderPart>
        </Border>
        <Border Name="L_V2_ROI" Red="0.0509804" Green="0.2" Blue="0.929412">
            <BorderPart Closed="True">
                <Vertices>118 117 1699
118 1699 117
1705 1699 118
1700 1699 1693
1700 1693 1699
1694 1693 1686
1694 1686 1693
1694 1687 1686
1694 1695 1687
1694 1701 1700
1700 1701 1694
1700 1706 1705
1705 1706 1700
1705 1710 119
119 1710 1705
119 120 1710
119 24898 120
24950 24898 119
24899 24898 24846
24846 24898 24845
24846 24845 24792
24846 24792 24845
24846 24793 24792
24847 24793 24846
24794 24793 24739
24794 24739 24793
24794 24740 24739
24795 24740 24794
24741 24740 23190
23190 24740 23191
23190 23191 24725
23190 24725 24720
24720 24725 24719
24720 24719 24713
24720 24713 24719
24714 24713 24706
24714 24706 24713
24714 24707 24706
23188 24707 24714
23187 24707 24699
23187 24699 24707
23186 24699 24690
23186 24690 24699
23185 24690 24680
23185 24680 24690
23184 24680 24669
24669 24680 24668
24669 24668 24656
24669 24656 24668
24657 24656 24643
24657 24643 24656
24644 24643 24629
24644 24629 24643
24630 24629 24614
24614 24629 24613
24614 24613 24597
24597 24613 24596
24597 24596 24579
24597 24579 24596
24597 24580 24579
24598 24580 24597
24581 24580 24562
24581 24562 24580
24563 24562 24543
24563 24543 24562
24563 24544 24543
24563 24564 24544
24563 24582 24581
24581 24582 24563
24599 24582 24581
24599 23178 24582
23179 23178 24599
24752 23178 23179
24752 24753 23178
24752 24807 24806
24806 24807 24752
24860 24807 24806
24860 24861 24807
24913 24861 24860
24913 24914 24861
24965 24914 24913
24965 24966 24914
24965 25016 25015
25015 25016 24965
25065 25016 25015
25065 25066 25016
25114 25066 25065
25114 25115 25066
25114 25162 25161
25161 25162 25114
25208 25162 25161
25208 25209 25162
25254 25209 25208
25254 25255 25209
25299 25255 25254
25299 25300 25255
25299 25343 25342
25342 25343 25299
25342 25385 25384
25384 25385 25342
25426 25385 25384
25426 25427 25385
25426 25467 25466
25466 25467 25426
25466 25506 25505
25466 25505 25465
25465 25505 25504
25465 25504 25464
25464 25504 25503
25503 25504 25464
25542 25504 25503
25542 25543 25504
25542 25580 25579
25542 25579 25541
25541 25579 25578
25541 25578 25540
25541 25540 25502
25502 25540 25501
25501 25540 25539
25501 25539 25500
25501 25500 25461
25461 25500 25460
25460 25500 25499
25460 25499 25459
25460 25459 25419
25419 25459 25418
25418 25459 25458
25418 25458 25417
25417 25458 25457
25417 25457 25416
25417 25416 25375
25375 25416 25374
25375 25374 25332
25332 25374 25331
25332 25331 25288
25288 25331 25287
25287 25331 25330
25287 25330 25286
25287 25286 25242
25287 25242 25286
25243 25242 25197
25197 25242 25196
25196 25242 25241
25196 25241 25195
25196 25195 25149
25196 25149 25195
25150 25149 25102
25102 25149 25101
25101 25149 25148
25101 25148 25100
25101 25100 25052
25052 25100 25051
25052 25051 25002
25002 25051 25001
25001 25051 117
25001 117 118
</Vertices>
                <Weights>0.67 0.33 0
0.67 0.33 0
0.67 0.33 0
0.67 0.33 0
0.67 0.33 0
0.67 0.33 0
0.67 0.33 0
0.67 0.33 0
0.67 0.33 0
0.67 0.33 0
0.67 0.33 0
0.67 0.33 0
0.67 0.33 0
0.67 0.33 0
0.67 0.33 0
0.67 0.33 0
0.67 0.33 0
0.67 0.33 0
0.67 0.33 0
0.67 0.33 0
0.67 0.33 0
0.67 0.33 0
0.67 0.33 0
0.67 0.33 0
0.67 0.33 0
0.67 0.33 0
0.67 0.33 0
0.67 0.33 0
0.67 0.33 0
0.67 0.33 0
0.67 0.33 0
0.67 0.33 0
0.67 0.33 0
0.67 0.33 0
0.67 0.33 0
0.67 0.33 0
0.67 0.33 0
0.67 0.33 0
0.67 0.33 0
0.67 0.33 0
0.67 0.33 0
0.67 0.33 0
0.67 0.33 0
0.67 0.33 0
0.67 0.33 0
0.67 0.33 0
0.67 0.33 0
0.67 0.33 0
0.67 0.33 0
0.67 0.33 0
0.67 0.33 0
0.67 0.33 0
0.67 0.33 0
0.67 0.33 0
0.67 0.33 0
0.67 0.33 0
0.67 0.33 0
0.67 0.33 0
0.67 0.33 0
0.67 0.33 0
0.67 0.33 0
0.67 0.33 0
0.67 0.33 0
0.67 0.33 0
0.67 0.33 0
0.67 0.33 0
0.67 0.33 0
0.67 0.33 0
0.67 0.33 0
0.67 0.33 0
0.67 0.33 0
0.67 0.33 0
0.67 0.33 0
0.67 0.33 0
0.67 0.33 0
0.67 0.33 0
0.67 0.33 0
0.67 0.33 0
0.67 0.33 0
0.67 0.33 0
0.67 0.33 0
0.67 0.33 0
0.67 0.33 0
0.67 0.33 0
0.67 0.33 0
0.67 0.33 0
0.67 0.33 0
0.67 0.33 0
0.67 0.33 0
0.67 0.33 0
0.67 0.33 0
0.67 0.33 0
0.67 0.33 0
0.67 0.33 0
0.67 0.33 0
0.67 0.33 0
0.67 0.33 0
0.67 0.33 0
0.67 0.33 0
0.67 0.33 0
0.67 0.33 0
0.67 0.33 0
0.67 0.33 0
0.67 0.33 0
0.67 0.33 0
0.67 0.33 0
0.67 0.33 0
0.67 0.33 0
0.67 0.33 0
0.67 0.33 0
0.67 0.33 0
0.67 0.33 0
0.67 0.33 0
0.67 0.33 0
0.67 0.33 0
0.67 0.33 0
0.67 0.33 0
0.67 0.33 0
0.67 0.33 0
0.67 0.33 0
0.67 0.33 0
0.67 0.33 0
0.67 0.33 0
0.67 0.33 0
0.67 0.33 0
0.67 0.33 0
0.67 0.33 0
0.67 0.33 0
0.67 0.33 0
0.67 0.33 0
0.67 0.33 0
0.67 0.33 0
0.67 0.33 0
0.67 0.33 0
0.67 0.33 0
0.67 0.33 0
0.67 0.33 0
0.67 0.33 0
0.67 0.33 0
0.67 0.33 0
0.67 0.33 0
0.67 0.33 0
0.67 0.33 0
0.67 0.33 0
0.67 0.33 0
0.67 0.33 0
0.67 0.33 0
0.67 0.33 0
0.67 0.33 0
0.67 0.33 0
0.67 0.33 0
0.67 0.33 0
0.67 0.33 0
0.67 0.33 0
0.67 0.33 0
0.67 0.33 0
</Weights>
            </BorderPart>
            <BorderPart Closed="True">
                <Vertices>11798 11797 11857
11857 11797 11798
11857 11858 11797
11912 11858 11857
11912 11913 11858
11912 11966 11965
11965 11966 11912
12018 11966 11965
12018 12019 11966
12070 12019 12018
12070 12071 12019
12070 12121 11850
11850 12121 12070
11849 12121 11850
11849 12171 12121
11848 12171 11849
11848 12220 12171
11848 11847 12220
25147 11847 25194
25194 11847 25147
25194 11846 25240
25240 11846 25194
25240 11845 25285
25285 11845 25240
25285 11844 25329
25329 11844 25285
11843 11844 12406
11843 12406 11844
11843 12450 12406
11842 12450 11843
11842 12493 12450
11841 12493 11842
12535 12493 11841
12535 12494 12493
12535 12536 12494
12576 12536 12535
12576 12577 12536
12616 12577 12576
12616 12617 12577
12616 12655 11838
11838 12655 12616
11838 11837 12655
25572 11837 25609
25609 11837 25572
25609 11836 25645
25609 25645 25608
25609 25608 25571
25609 25571 25608
25572 25571 25533
25572 25533 25571
25534 25533 25494
25494 25533 25493
25494 25493 25453
25494 25453 25493
25454 25453 25412
25412 25453 25411
25412 25411 25369
25369 25411 25368
25369 25368 25325
25325 25368 25324
25325 25324 25280
25280 25324 25279
25280 25279 25234
25280 25234 25279
25235 25234 25188
25188 25234 25187
25188 25187 25140
25140 25187 25139
25140 25139 25091
25091 25139 25090
25091 25090 25041
25041 25090 25040
25041 25040 24990
24990 25040 24989
24990 24989 24938
24990 24938 24989
24939 24938 24886
24886 24938 24885
24886 24885 24832
24886 24832 24885
24833 24832 24778
24778 24832 24777
24778 24777 23153
24778 23153 24777
23152 23153 23832
23152 23832 23789
23789 23832 23788
23789 23788 23744
23789 23744 23788
23745 23744 23699
23699 23744 23698
23699 23698 23652
23699 23652 23698
23653 23652 23605
23653 23605 23652
23606 23605 23557
23557 23605 23556
23557 23556 23507
23557 23507 23556
23508 23507 23457
23508 23457 23507
23458 23457 23406
23406 23457 23405
23406 23405 23353
23353 23405 23352
23353 23352 23299
23353 23299 23352
23300 23299 23245
23300 23245 23299
23246 23245 14997
23246 14997 23245
14996 14997 15052
14996 15052 15051
15051 15052 14996
15106 15052 15051
15107 15052 15106
15053 15052 14997
15053 14997 15052
15053 14998 14997
15054 14998 15053
15054 14999 14998
15054 15055 14999
15109 15055 15054
15109 15110 15055
15109 15163 15162
15162 15163 15109
15162 15215 15214
15162 15214 15161
15161 15214 15213
15161 15213 15160
15160 15213 15212
15160 15212 15159
15159 15212 15211
15211 15212 15159
15211 15263 15262
15211 15262 15210
15211 15210 15158
15158 15210 15157
15157 15210 13399
15157 13399 13398
13398 13399 13454
13398 13454 13453
13398 13453 13397
13397 13453 13452
13452 13453 13397
13452 13507 11798
11798 13507 13452
</Vertices>
                <Weights>0.67 0.33 0
0.67 0.33 0
0.67 0.33 0
0.67 0.33 0
0.67 0.33 0
0.67 0.33 0
0.67 0.33 0
0.67 0.33 0
0.67 0.33 0
0.67 0.33 0
0.67 0.33 0
0.67 0.33 0
0.67 0.33 0
0.67 0.33 0
0.67 0.33 0
0.67 0.33 0
0.67 0.33 0
0.67 0.33 0
0.67 0.33 0
0.67 0.33 0
0.67 0.33 0
0.67 0.33 0
0.67 0.33 0
0.67 0.33 0
0.67 0.33 0
0.67 0.33 0
0.67 0.33 0
0.67 0.33 0
0.67 0.33 0
0.67 0.33 0
0.67 0.33 0
0.67 0.33 0
0.67 0.33 0
0.67 0.33 0
0.67 0.33 0
0.67 0.33 0
0.67 0.33 0
0.67 0.33 0
0.67 0.33 0
0.67 0.33 0
0.67 0.33 0
0.67 0.33 0
0.67 0.33 0
0.67 0.33 0
0.67 0.33 0
0.67 0.33 0
0.67 0.33 0
0.67 0.33 0
0.67 0.33 0
0.67 0.33 0
0.67 0.33 0
0.67 0.33 0
0.67 0.33 0
0.67 0.33 0
0.67 0.33 0
0.67 0.33 0
0.67 0.33 0
0.67 0.33 0
0.67 0.33 0
0.67 0.33 0
0.67 0.33 0
0.67 0.33 0
0.67 0.33 0
0.67 0.33 0
0.67 0.33 0
0.67 0.33 0
0.67 0.33 0
0.67 0.33 0
0.67 0.33 0
0.67 0.33 0
0.67 0.33 0
0.67 0.33 0
0.67 0.33 0
0.67 0.33 0
0.67 0.33 0
0.67 0.33 0
0.67 0.33 0
0.67 0.33 0
0.67 0.33 0
0.67 0.33 0
0.67 0.33 0
0.67 0.33 0
0.67 0.33 0
0.67 0.33 0
0.67 0.33 0
0.67 0.33 0
0.67 0.33 0
0.67 0.33 0
0.67 0.33 0
0.67 0.33 0
0.67 0.33 0
0.67 0.33 0
0.67 0.33 0
0.67 0.33 0
0.67 0.33 0
0.67 0.33 0
0.67 0.33 0
0.67 0.33 0
0.67 0.33 0
0.67 0.33 0
0.67 0.33 0
0.67 0.33 0
0.67 0.33 0
0.67 0.33 0
0.67 0.33 0
0.67 0.33 0
0.67 0.33 0
0.67 0.33 0
0.67 0.33 0
0.67 0.33 0
0.67 0.33 0
0.67 0.33 0
0.67 0.33 0
0.67 0.33 0
0.67 0.33 0
0.67 0.33 0
0.67 0.33 0
0.67 0.33 0
0.67 0.33 0
0.67 0.33 0
0.67 0.33 0
0.67 0.33 0
0.67 0.33 0
0.67 0.33 0
0.67 0.33 0
0.67 0.33 0
0.67 0.33 0
0.67 0.33 0
0.67 0.33 0
0.67 0.33 0
0.67 0.33 0
0.67 0.33 0
0.67 0.33 0
0.67 0.33 0
0.67 0.33 0
0.67 0.33 0
0.67 0.33 0
0.67 0.33 0
0.67 0.33 0
0.67 0.33 0
0.67 0.33 0
0.67 0.33 0
0.67 0.33 0
0.67 0.33 0
0.67 0.33 0
0.67 0.33 0
0.67 0.33 0
</Weights>
            </BorderPart>
            <BorderPart Closed="True">
                <Vertices>24025 23986 24024
24025 24024 23986
24062 24024 24061
24062 24061 24024
24062 24098 24061
24062 24099 24098
24062 24063 24025
24025 24063 24062
24025 24026 23987
24025 23987 23986
</Vertices>
                <Weights>0.67 0.33 0
0.67 0.33 0
0.67 0.33 0
0.67 0.33 0
0.67 0.33 0
0.67 0.33 0
0.67 0.33 0
0.67 0.33 0
0.67 0.33 0
0.67 0.33 0
</Weights>
            </BorderPart>
            <BorderPart Closed="True">
                <Vertices>25057 25106 25105
25105 25106 25057
25153 25106 25105
25153 25154 25106
25200 25154 25153
25201 25154 25200
25155 25154 25107
25107 25154 25106
25107 25106 25058
25058 25106 25057
</Vertices>
                <Weights>0.67 0.33 0
0.67 0.33 0
0.67 0.33 0
0.67 0.33 0
0.67 0.33 0
0.67 0.33 0
0.67 0.33 0
0.67 0.33 0
0.67 0.33 0
0.67 0.33 0
</Weights>
            </BorderPart>
            <BorderPart Closed="True">
                <Vertices>25155 25202 25201
25201 25202 25155
25247 25202 25201
25247 25248 25202
25292 25248 25247
25293 25248 25292
25293 25249 25248
25294 25249 25293
25250 25249 25204
25204 25249 25203
25204 25203 25157
25157 25203 25156
25156 25203 25202
25156 25202 25155
</Vertices>
                <Weights>0.67 0.33 0
0.67 0.33 0
0.67 0.33 0
0.67 0.33 0
0.67 0.33 0
0.67 0.33 0
0.67 0.33 0
0.67 0.33 0
0.67 0.33 0
0.67 0.33 0
0.67 0.33 0
0.67 0.33 0
0.67 0.33 0
0.67 0.33 0
</Weights>
            </BorderPart>
            <BorderPart Closed="True">
                <Vertices>25670 25634 25669
25670 25669 25634
25704 25669 25703
25704 25703 25669
25704 25737 25703
25704 25738 25737
25705 25738 25704
25705 25739 25738
25705 25706 25671
25671 25706 25705
25671 25672 25636
25671 25636 25635
25671 25635 25670
25670 25635 25634
</Vertices>
                <Weights>0.67 0.33 0
0.67 0.33 0
0.67 0.33 0
0.67 0.33 0
0.67 0.33 0
0.67 0.33 0
0.67 0.33 0
0.67 0.33 0
0.67 0.33 0
0.67 0.33 0
0.67 0.33 0
0.67 0.33 0
0.67 0.33 0
0.67 0.33 0
</Weights>
            </BorderPart>
            <BorderPart Closed="True">
                <Vertices>25676 25640 25675
25676 25675 25640
25710 25675 25709
25709 25675 25674
25709 25674 25708
25709 25708 25674
25742 25708 25741
25741 25708 25707
25741 25707 25740
25741 25740 25707
25741 25773 25740
25741 25774 25773
25742 25774 25741
25742 25775 25774
25742 25743 25709
25709 25743 25742
25710 25743 25709
25710 25744 25743
25710 25711 25676
25676 25711 25710
25677 25711 25676
25677 25712 25711
25677 25678 25642
25677 25642 25641
25677 25641 25676
25676 25641 25640
</Vertices>
                <Weights>0.67 0.33 0
0.67 0.33 0
0.67 0.33 0
0.67 0.33 0
0.67 0.33 0
0.67 0.33 0
0.67 0.33 0
0.67 0.33 0
0.67 0.33 0
0.67 0.33 0
0.67 0.33 0
0.67 0.33 0
0.67 0.33 0
0.67 0.33 0
0.67 0.33 0
0.67 0.33 0
0.67 0.33 0
0.67 0.33 0
0.67 0.33 0
0.67 0.33 0
0.67 0.33 0
0.67 0.33 0
0.67 0.33 0
0.67 0.33 0
0.67 0.33 0
0.67 0.33 0
</Weights>
            </BorderPart>
        </Border>
        <Border Name="L_V3_ROI" Red="0.0196078" Green="0.133333" Blue="0.913725">
            <BorderPart Closed="True">
                <Vertices>11796 11795 11859
11859 11795 11796
11859 11860 11795
11914 11860 11859
11914 11915 11860
11968 11915 11914
11969 11915 11968
11969 11916 11915
11969 11970 11916
12022 11970 11969
12022 12023 11970
12074 12023 12022
12074 12075 12023
12125 12075 12074
12125 12126 12075
12175 12126 12125
12175 12176 12126
12224 12176 12175
12224 12225 12176
12272 12225 12224
12272 12273 12225
12319 12273 12272
12319 12320 12273
12365 12320 12319
12365 12366 12320
12365 12410 12409
12409 12410 12365
12453 12410 12409
12453 12454 12410
12496 12454 12453
12496 12497 12454
12496 12538 12537
12537 12538 12496
12537 12578 12577
12577 12578 12537
12577 12617 12616
12577 12616 12576
12577 12576 12536
12536 12576 12535
12536 12535 12494
12494 12535 12493
12493 12535 11841
12493 11841 11842
12493 11842 12450
12450 11842 11843
12450 11843 12406
12406 11843 11844
11844 11843 12406
11844 25329 25285
11844 25285 25329
11845 25285 25240
11845 25240 25285
11846 25240 25194
11846 25194 25240
11847 25194 25147
11847 25147 25194
11847 11848 12220
12220 11848 12171
12171 11848 11849
12171 11849 12121
12121 11849 11850
12121 11850 12070
12121 12070 11850
12071 12070 12019
12019 12070 12018
12019 12018 11966
11966 12018 11965
11966 11965 11912
11966 11912 11965
11913 11912 11858
11858 11912 11857
11858 11857 11797
11797 11857 11798
11797 11798 11857
13507 11798 13452
13507 13452 11798
13453 13452 13397
13453 13397 13452
13453 13398 13397
13453 13454 13398
13453 13508 13507
13507 13508 13453
13561 13508 13507
13561 13562 13508
13561 13614 11796
11796 13614 13561
</Vertices>
                <Weights>0.67 0.33 0
0.67 0.33 0
0.67 0.33 0
0.67 0.33 0
0.67 0.33 0
0.67 0.33 0
0.67 0.33 0
0.67 0.33 0
0.67 0.33 0
0.67 0.33 0
0.67 0.33 0
0.67 0.33 0
0.67 0.33 0
0.67 0.33 0
0.67 0.33 0
0.67 0.33 0
0.67 0.33 0
0.67 0.33 0
0.67 0.33 0
0.67 0.33 0
0.67 0.33 0
0.67 0.33 0
0.67 0.33 0
0.67 0.33 0
0.67 0.33 0
0.67 0.33 0
0.67 0.33 0
0.67 0.33 0
0.67 0.33 0
0.67 0.33 0
0.67 0.33 0
0.67 0.33 0
0.67 0.33 0
0.67 0.33 0
0.67 0.33 0
0.67 0.33 0
0.67 0.33 0
0.67 0.33 0
0.67 0.33 0
0.67 0.33 0
0.67 0.33 0
0.67 0.33 0
0.67 0.33 0
0.67 0.33 0
0.67 0.33 0
0.67 0.33 0
0.67 0.33 0
0.67 0.33 0
0.67 0.33 0
0.67 0.33 0
0.67 0.33 0
0.67 0.33 0
0.67 0.33 0
0.67 0.33 0
0.67 0.33 0
0.67 0.33 0
0.67 0.33 0
0.67 0.33 0
0.67 0.33 0
0.67 0.33 0
0.67 0.33 0
0.67 0.33 0
0.67 0.33 0
0.67 0.33 0
0.67 0.33 0
0.67 0.33 0
0.67 0.33 0
0.67 0.33 0
0.67 0.33 0
0.67 0.33 0
0.67 0.33 0
0.67 0.33 0
0.67 0.33 0
0.67 0.33 0
0.67 0.33 0
0.67 0.33 0
0.67 0.33 0
0.67 0.33 0
0.67 0.33 0
0.67 0.33 0
0.67 0.33 0
0.67 0.33 0
0.67 0.33 0
0.67 0.33 0
0.67 0.33 0
0.67 0.33 0
</Weights>
            </BorderPart>
            <BorderPart Closed="True">
                <Vertices>23780 23735 23779
23780 23779 23735
23823 23779 23822
23823 23822 23779
23865 23822 23864
23865 23864 23822
23865 23906 23864
23907 23906 23865
23947 23906 23946
23947 23946 23906
23947 23986 23946
23987 23986 23947
23987 24025 23986
23987 24026 24025
23987 23988 23948
23948 23988 23987
23948 23949 23908
23948 23908 23907
23907 23908 23866
23866 23908 23907
23866 23867 23824
23824 23867 23866
23824 23825 23781
23781 23825 23824
23781 23782 23737
23781 23737 23736
23781 23736 23780
23780 23736 23735
</Vertices>
                <Weights>0.67 0.33 0
0.67 0.33 0
0.67 0.33 0
0.67 0.33 0
0.67 0.33 0
0.67 0.33 0
0.67 0.33 0
0.67 0.33 0
0.67 0.33 0
0.67 0.33 0
0.67 0.33 0
0.67 0.33 0
0.67 0.33 0
0.67 0.33 0
0.67 0.33 0
0.67 0.33 0
0.67 0.33 0
0.67 0.33 0
0.67 0.33 0
0.67 0.33 0
0.67 0.33 0
0.67 0.33 0
0.67 0.33 0
0.67 0.33 0
0.67 0.33 0
0.67 0.33 0
0.67 0.33 0
0.67 0.33 0
</Weights>
            </BorderPart>
        </Border>
        <Border Name="L_V4_ROI" Red="0.0352941" Green="0.0784314" Blue="0.835294">
            <BorderPart Closed="True">
                <Vertices>13401 13400 13456
13401 13456 13400
13401 13457 13456
13402 13457 13401
13402 13458 13457
13403 13458 13402
13403 13459 13458
13403 13404 13459
15412 13404 13403
15412 15460 13404
15413 15460 15412
15413 15461 15460
15413 15414 15365
15365 15414 15413
15366 15414 15365
15415 15414 15366
15415 15462 15414
15415 15463 15462
15416 15463 15415
15416 15464 15463
15417 15464 15416
15417 15465 15464
15418 15465 15417
15418 15466 15465
15419 15466 15418
15419 15467 15466
15419 15420 15371
15371 15420 15419
15372 15420 15371
15372 15421 15420
15373 15421 15372
15373 15422 15421
15374 15422 15373
15374 15423 15422
15375 15423 15374
15375 15424 15423
15376 15424 15375
15376 15425 15424
15377 15425 15376
15377 15426 15425
15377 15378 15328
15328 15378 15377
15329 15378 15328
15329 15379 15378
15329 15330 15279
15279 15330 15329
15280 15330 15279
15280 15331 15330
15280 15281 15229
15229 15281 15280
15229 15230 15177
15229 15177 15176
15176 15177 15123
15176 15123 15122
15176 15122 15175
15175 15122 15121
15175 15121 15174
15175 15174 15121
15227 15174 15226
15226 15174 15173
15173 15174 15120
15173 15120 15119
15119 15120 15065
15065 15120 15119
15065 15066 15010
15010 15066 15065
15010 15011 15066
23232 15011 23231
23231 15011 15012
23231 15012 23230
23231 23230 15012
23231 23285 23230
23286 23285 23231
23339 23285 23338
23339 23338 23285
23339 23391 23338
23392 23391 23339
23443 23391 23442
23443 23442 23391
23493 23442 23492
23492 23442 23441
23492 23441 23491
23491 23441 23440
23491 23440 23490
23491 23490 23440
23540 23490 23539
23540 23539 23490
23540 23588 23539
23589 23588 23540
23589 23636 23588
23589 23637 23636
23590 23637 23589
